100
100 105
8 50 74 59 131 73 145 79 124 110 41 166 93 43 188 104 128 130 41 13 104 170 110 158 161 134 100 79 17 136 98 27 113 68 11 34 180 150 180 22 168 73 194 137 86 146 29 92 195 158 2 154 109 145 69 91 125 197 131 104 123 67 150 25 2 54 178 9 29 134 99 182 36 14 66 15 64 137 26 70 116 95 30 102 118 196 106 5 52 99 189 124 106 83 153 167 117 138 39 145 
100 105
102 98 72 29 138 159 178 198 95 105 10 32 146 176 36 99 143 200 169 13 61 158 195 9 196 169 114 131 7 163 143 166 83 53 168 22 96 113 72 102 191 32 139 58 17 191 41 80 136 7 173 99 96 120 55 24 90 161 106 127 124 107 14 171 39 95 21 45 167 135 27 195 164 139 45 191 151 160 24 148 186 18 73 140 48 186 97 86 24 21 145 169 136 116 26 135 43 12 80 153 
100 105
45 96 19 197 93 16 192 34 70 198 154 148 26 11 63 12 9 178 162 26 136 69 196 177 168 40 75 132 157 102 73 161 95 185 156 190 8 16 194 170 81 56 56 107 164 103 77 109 50 132 45 39 9 198 52 50 4 132 132 15 20 176 10 181 130 24 55 61 138 146 118 126 1 57 165 198 49 105 151 151 177 13 155 198 105 182 149 66 179 100 10 130 154 84 48 8 174 123 106 177 
100 105
54 25 31 167 1 45 171 86 17 99 156 134 158 177 179 67 158 112 79 15 20 138 134 192 121 163 34 198 32 189 190 74 78 105 159 1 55 161 116 148 81 131 156 147 108 39 1 127 36 58 114 115 194 161 155 19 158 186 130 16 164 103 118 44 20 168 148 70 196 104 74 104 149 186 59 60 7 131 25 133 174 4 98 121 151 32 81 4 101 121 134 59 4 77 151 135 181 80 33 175 
100 105
150 143 50 172 111 80 184 171 41 124 51 172 30 119 147 100 31 22 177 125 45 159 97 172 65 161 199 152 141 104 152 2 6 81 19 75 50 14 121 26 13 184 189 118 9 151 125 196 58 112 91 67 11 194 154 166 161 143 4 153 108 142 111 1 200 128 172 188 15 26 42 118 149 43 116 175 46 174 21 112 40 55 106 130 54 190 167 157 105 61 99 193 121 117 181 68 153 140 99 102 
100 105
12 17 92 72 129 72 62 46 121 41 159 54 28 151 112 164 195 134 128 28 196 132 43 117 7 116 125 2 98 62 104 125 109 137 82 16 111 17 106 174 182 121 192 170 66 28 137 129 126 185 168 150 77 47 177 67 68 121 185 192 11 59 12 145 119 119 135 26 168 90 19 15 26 119 29 30 35 128 41 155 141 197 136 84 49 66 12 53 65 77 38 76 46 111 16 193 111 148 38 100 
100 105
48 116 94 180 130 165 180 102 126 90 159 34 1 90 71 18 47 39 144 139 137 122 120 97 48 189 160 188 36 36 113 85 190 185 135 68 120 16 46 177 62 26 20 32 104 99 199 40 5 104 80 166 192 108 125 166 122 55 107 51 104 33 33 142 55 178 18 101 90 66 148 23 80 118 117 49 163 30 40 109 104 58 162 153 67 22 158 197 156 131 95 156 22 113 94 28 33 45 192 199 
100 105
153 57 171 104 40 115 200 167 36 122 44 153 87 120 151 11 24 70 6 144 112 32 193 17 100 172 40 171 37 92 58 34 129 178 11 84 177 90 92 35 112 105 27 92 191 123 165 91 85 14 42 128 180 185 138 71 162 182 166 3 133 133 55 160 48 178 63 11 20 151 178 142 37 121 100 113 160 157 191 153 49 15 45 119 151 102 96 22 132 102 46 162 58 111 129 6 174 138 70 97 
100 105
104 22 76 119 101 90 63 55 64 44 90 51 136 16 165 95 164 159 53 93 117 115 21 61 51 169 142 48 197 188 102 35 129 172 49 76 54 72 130 94 120 72 21 165 80 31 11 81 114 143 139 183 45 29 194 176 181 1 197 148 171 88 144 134 53 62 25 1 181 179 58 24 99 15 46 63 110 11 50 19 91 56 144 156 186 135 76 122 152 27 52 60 184 115 38 80 99 101 138 86 
100 105
79 85 143 116 161 68 141 108 167 129 163 164 170 91 24 79 114 162 11 41 179 1 195 108 57 152 187 32 145 140 177 185 53 109 115 55 20 29 72 171 64 148 25 144 55 9 182 153 89 164 160 20 180 157 62 88 154 100 189 45 81 67 84 75 37 110 168 35 140 85 52 150 67 68 111 190 128 174 182 96 137 75 36 32 173 29 199 71 188 98 90 47 91 112 13 64 113 182 152 31 
100 105
122 14 129 151 1 160 155 193 195 131 33 160 178 180 33 73 184 82 154 23 122 157 19 192 101 197 121 105 200 130 145 176 71 17 200 81 19 89 53 129 1 63 41 150 186 184 116 60 79 160 162 183 49 55 41 182 171 29 52 145 70 196 70 111 173 124 126 20 51 32 44 47 70 71 195 11 193 65 125 162 120 21 163 62 126 35 150 91 123 61 94 129 123 182 167 69 24 123 40 118 
100 105
194 165 179 157 172 142 156 37 90 129 121 103 113 17 148 147 52 73 12 124 137 6 8 34 67 154 13 126 41 154 58 134 96 140 52 59 95 161 139 130 76 199 93 34 163 77 37 47 74 65 85 193 120 43 129 60 63 146 117 128 173 149 1 171 199 93 146 129 101 144 193 164 184 73 2 10 22 87 114 170 132 158 20 87 57 17 55 155 15 16 138 167 98 78 161 13 192 32 175 64 
100 105
78 125 185 34 151 128 200 30 10 145 165 52 13 180 135 8 184 1 60 111 154 92 122 26 54 130 97 154 62 59 92 164 121 169 88 127 73 20 42 5 152 93 46 171 75 163 177 118 27 14 145 172 180 36 130 89 49 179 18 124 39 109 130 127 169 7 200 56 30 77 89 97 20 65 138 17 119 92 84 199 121 149 162 52 19 178 147 62 79 29 64 36 107 109 169 80 120 124 78 193 
100 105
154 179 54 96 72 76 5 163 33 20 132 36 69 69 11 35 71 179 66 46 80 76 128 88 164 38 167 135 84 76 185 156 157 200 65 94 87 34 125 48 195 131 168 66 111 83 6 115 53 42 186 192 7 161 161 113 4 31 86 1 186 68 85 189 1 87 101 96 200 103 29 184 118 137 3 90 179 126 190 123 196 6 120 92 122 175 115 63 107 84 27 20 2 131 45 176 59 63 132 137 
100 105
121 109 25 148 109 12 198 1 115 97 200 46 134 163 140 155 22 87 137 11 63 174 94 36 189 172 39 22 92 14 161 158 93 144 176 169 14 16 37 92 148 170 33 135 129 144 80 107 55 8 138 4 22 48 35 150 17 160 139 151 184 187 97 86 125 123 164 182 13 52 3 96 137 55 9 181 32 31 96 115 113 137 138 10 86 120 182 11 109 10 40 68 120 67 200 121 116 178 123 143 
100 105
181 82 86 31 126 37 195 146 3 34 81 57 35 118 82 182 59 6 193 161 52 2 143 145 36 156 73 44 123 14 42 182 180 119 161 130 156 83 165 33 114 196 129 105 56 112 82 11 105 152 17 162 65 6 123 114 144 37 119 195 189 144 40 103 144 71 20 13 118 133 183 98 60 74 191 20 11 112 16 179 143 46 71 163 9 184 100 110 14 151 152 66 103 18 154 100 117 185 70 43 
100 105
104 116 130 58 183 65 153 155 127 28 156 60 153 187 23 130 187 150 80 199 91 4 87 44 28 186 199 188 18 32 77 62 164 15 184 33 123 112 192 72 143 134 154 31 181 105 116 88 111 82 159 187 34 41 60 137 163 139 155 127 127 113 196 22 178 142 159 55 21 198 128 52 63 133 138 5 58 6 108 144 59 140 144 98 82 166 58 6 118 13 25 185 60 100 17 141 52 47 123 94 
100 105
16 50 162 50 32 197 124 97 45 51 39 32 160 136 66 2 188 38 149 121 25 95 176 104 190 87 46 144 58 133 62 179 105 3 32 21 87 31 44 168 49 45 118 150 126 74 64 17 81 149 180 158 15 106 190 108 106 128 15 116 109 98 50 96 30 27 67 199 186 63 119 54 180 4 184 124 160 22 175 35 76 103 37 80 116 151 14 51 93 149 84 182 48 9 107 179 107 68 115 111 
100 105
71 159 18 147 105 57 64 38 99 135 57 109 13 114 81 125 105 14 74 163 180 178 70 148 32 154 34 140 121 195 198 25 72 159 121 149 19 2 118 193 14 181 157 141 195 69 71 64 50 135 26 72 92 51 18 11 55 126 102 95 193 35 171 147 188 122 166 190 172 66 161 111 176 110 95 124 135 75 15 95 24 76 78 158 28 23 175 173 40 40 184 18 131 91 7 97 13 96 139 117 
100 105
122 85 28 179 61 173 88 36 182 127 195 31 96 59 20 13 44 113 107 29 194 127 27 127 134 182 97 193 62 10 178 125 123 41 53 16 181 93 152 53 174 78 18 27 66 62 140 50 8 120 31 177 26 182 128 60 98 194 26 30 23 149 154 80 69 28 25 32 78 7 101 73 2 131 99 78 150 95 128 53 60 178 71 152 25 85 21 16 20 178 96 96 65 1 119 118 124 18 155 169 
100 105
188 176 114 123 158 117 183 143 163 9 41 106 171 7 2 120 21 163 118 136 153 95 36 11 32 164 52 48 52 111 150 48 35 149 24 89 172 133 160 57 146 103 124 90 20 95 87 108 193 101 147 2 166 145 157 75 118 176 96 67 65 92 192 141 157 60 98 98 110 164 23 86 100 120 121 193 149 54 177 77 34 198 194 104 9 175 167 104 31 182 187 126 70 26 159 186 200 22 115 61 
100 105
57 73 54 54 176 182 156 163 49 146 53 71 32 1 64 148 120 171 2 160 183 180 197 30 102 57 131 182 21 163 152 46 171 55 158 94 16 9 62 167 174 79 87 31 53 27 180 111 33 152 173 102 188 80 9 138 37 3 79 124 89 175 110 197 124 163 124 47 80 156 75 123 32 58 172 180 195 128 57 37 17 148 14 185 58 61 158 1 37 114 134 76 111 163 67 7 109 108 174 138 
100 105
97 56 25 67 9 34 162 158 172 177 115 115 90 136 60 39 95 61 128 144 43 56 122 112 181 13 10 91 84 146 39 35 139 165 82 41 151 119 176 199 75 88 43 189 21 183 6 135 21 47 104 21 51 176 163 143 71 39 143 116 136 178 135 68 75 181 191 97 7 82 44 73 156 39 176 21 176 187 198 106 138 196 184 96 177 84 83 28 152 200 106 152 178 7 191 196 197 62 32 126 
100 105
7 180 71 25 158 123 54 74 81 104 84 135 183 58 164 42 38 30 88 187 152 95 23 31 31 155 107 20 118 84 140 114 93 40 145 69 84 30 66 6 188 141 88 198 80 169 164 101 200 48 102 89 6 121 45 173 77 31 120 170 189 30 153 133 159 8 82 163 17 10 46 149 86 109 14 68 106 15 55 136 71 164 180 159 40 60 146 124 149 145 178 138 92 43 99 178 5 183 157 176 
100 105
134 11 93 71 71 154 154 129 129 74 83 172 101 6 56 22 185 135 48 129 89 186 109 159 175 124 62 73 125 136 190 57 145 199 148 96 168 184 177 144 37 138 147 163 158 143 197 104 182 82 95 189 5 56 88 184 18 166 94 57 139 52 88 191 81 33 127 30 108 15 18 126 39 127 146 158 126 108 80 152 42 160 182 66 126 95 94 65 164 30 102 73 141 54 130 33 81 160 75 41 
100 105
177 190 105 19 169 87 67 63 175 99 22 28 16 28 42 10 159 136 166 162 162 33 73 20 195 4 55 132 117 105 84 75 114 12 145 109 160 6 73 193 173 16 30 114 144 81 110 106 185 50 112 10 184 49 186 108 161 181 190 64 134 167 186 1 186 43 175 192 64 94 104 199 164 162 192 178 90 198 30 113 170 61 132 66 112 114 97 51 5 124 89 123 21 17 166 178 173 13 181 77 
100 105
101 42 19 76 120 144 164 182 59 183 68 153 152 62 96 18 30 28 192 87 61 57 193 2 40 12 185 171 114 71 109 186 121 158 46 98 80 200 103 184 168 20 170 138 30 200 19 19 6 16 38 116 130 25 116 167 73 97 161 179 80 172 125 46 181 178 159 155 116 9 22 9 146 53 96 12 11 161 83 111 83 111 102 61 36 21 85 7 6 109 178 25 50 194 145 17 25 82 62 186 
100 105
39 4 108 23 14 96 52 184 99 58 1 157 90 2 100 11 75 96 129 92 48 182 94 121 169 16 77 125 54 165 88 196 120 94 7 106 32 179 150 31 10 188 33 175 185 71 154 112 189 165 139 89 8 63 159 17 176 178 93 178 30 91 61 152 28 122 40 141 165 178 137 6 12 85 56 176 160 140 50 100 173 175 191 67 143 23 22 61 35 48 94 18 102 166 49 175 133 189 166 59 
100 105
3 111 120 111 38 193 137 49 9 151 134 120 38 33 95 194 11 12 106 59 8 154 175 65 108 3 15 70 40 115 88 196 49 68 114 68 161 54 71 84 157 169 27 1 123 38 200 172 97 18 142 159 36 89 72 74 108 121 93 194 153 190 14 29 4 199 18 151 189 147 44 166 89 12 167 44 39 5 168 158 123 47 132 104 121 28 65 152 6 130 43 17 189 151 86 103 74 46 198 116 
100 105
53 189 187 129 118 23 124 127 197 62 80 85 43 91 198 29 112 144 145 53 126 39 73 188 58 116 128 162 183 178 145 29 14 136 102 40 124 124 165 192 59 160 144 149 128 53 134 9 142 122 100 70 131 182 177 14 108 155 199 70 16 81 48 28 76 189 187 65 48 107 39 28 103 132 80 158 147 128 41 139 42 43 103 66 170 12 109 103 44 174 81 37 3 165 171 2 188 41 109 156 
100 105
6 188 15 2 66 200 160 58 191 44 83 83 104 40 185 62 5 33 28 185 125 57 15 108 149 9 105 188 36 133 137 158 126 165 155 129 34 24 31 45 171 133 105 86 80 165 56 127 80 11 121 191 102 25 150 168 3 111 105 164 161 165 129 128 102 1 183 145 186 70 24 56 169 79 128 70 75 22 38 158 121 190 13 43 84 3 142 153 68 188 89 108 34 33 82 104 33 28 151 186 
100 105
171 20 24 66 175 18 19 194 1 135 192 158 120 146 194 13 80 170 119 31 99 150 58 191 169 9 27 73 53 118 194 12 42 132 108 69 164 2 123 138 59 179 47 195 164 184 111 85 174 188 33 170 108 163 85 149 136 31 99 195 27 51 135 16 69 192 200 172 170 2 197 11 74 193 12 129 101 113 180 140 70 52 15 65 85 12 45 192 128 42 200 198 96 7 92 112 139 83 54 119 
100 105
124 4 181 9 74 138 181 100 94 50 144 19 147 76 176 82 177 131 136 129 49 198 163 62 48 138 15 196 31 8 57 126 144 67 16 51 143 76 124 66 13 30 181 174 158 157 24 154 7 153 177 163 139 12 67 95 110 83 197 10 97 45 136 166 59 4 104 5 47 156 151 176 28 164 153 112 185 188 117 78 52 91 84 21 200 191 43 112 37 63 61 70 115 79 67 158 100 51 20 99 
100 105
44 169 177 102 47 89 121 82 50 112 148 45 77 197 79 57 37 63 40 40 80 88 67 101 7 92 157 99 147 71 34 2 191 185 59 128 195 187 98 90 36 128 169 101 65 141 189 11 84 24 32 24 157 115 13 170 153 163 82 136 36 72 25 71 67 194 129 27 134 200 104 127 89 42 90 20 82 16 124 199 53 69 162 90 102 184 194 21 14 43 27 51 157 33 107 93 165 103 107 91 
100 105
120 103 135 76 193 33 195 170 44 148 28 196 165 194 167 95 85 159 122 67 71 143 193 155 130 146 148 73 181 197 98 47 141 107 1 44 182 15 176 18 103 93 12 69 76 138 199 33 138 167 187 93 105 161 60 16 196 186 82 64 69 165 79 26 105 116 127 187 141 124 109 151 60 21 98 80 19 118 158 31 122 52 72 129 23 200 153 57 150 77 105 49 88 34 15 58 60 11 77 1 
100 105
17 171 73 156 43 187 115 187 130 84 188 188 132 60 186 200 120 172 70 104 54 197 42 99 149 38 27 22 129 195 164 128 148 199 132 191 91 131 124 18 130 108 184 140 175 34 147 90 132 72 156 37 80 147 85 77 75 185 186 88 146 50 101 187 109 14 113 128 151 43 186 172 150 55 169 61 197 160 74 99 86 149 20 168 105 134 30 191 95 167 32 12 70 159 200 158 146 24 56 176 
100 105
21 77 176 86 169 193 168 25 145 187 191 114 126 39 144 104 113 12 97 73 64 97 28 166 104 20 44 72 1 50 130 139 198 166 117 44 180 148 49 178 149 181 161 139 193 162 118 77 189 143 146 105 180 70 76 66 154 116 141 170 28 102 157 111 186 94 107 194 73 16 100 106 47 154 38 150 23 121 55 23 47 60 197 129 153 17 58 77 100 194 104 137 64 36 116 120 22 94 153 145 
100 105
116 77 24 181 10 138 124 86 143 42 158 3 99 44 163 186 135 193 124 80 84 95 187 153 194 78 10 55 68 169 199 151 53 55 33 109 2 191 142 145 195 88 175 132 138 183 97 82 73 183 34 57 37 131 16 71 112 134 147 46 121 198 27 113 15 34 102 178 184 136 146 167 71 70 148 185 182 133 42 82 102 48 24 16 62 62 33 27 141 163 165 160 178 36 56 24 127 60 124 66 
100 105
140 47 68 122 84 152 74 44 187 200 18 62 194 156 15 95 117 74 8 2 181 59 5 92 45 182 164 199 193 91 121 155 30 141 182 161 156 183 180 166 96 16 51 89 190 26 58 187 183 46 115 94 43 82 113 197 167 167 191 62 90 60 36 20 137 193 124 182 3 6 28 19 106 64 93 139 150 134 109 137 32 97 29 110 145 18 137 37 110 140 91 15 5 69 57 85 18 76 66 113 
100 105
11 60 189 149 34 33 135 107 51 11 108 176 21 109 122 108 200 158 62 8 191 111 1 137 179 39 94 116 116 173 48 144 152 140 196 27 15 86 20 81 99 57 10 90 46 166 77 152 42 174 16 145 147 4 84 141 134 54 87 53 13 69 83 188 169 163 105 197 13 165 10 46 17 110 62 179 162 32 113 12 57 161 200 198 143 107 124 145 108 85 188 181 58 179 141 10 63 67 122 137 
100 105
8 127 38 137 107 153 131 168 1 37 17 116 47 200 78 113 81 37 125 111 188 55 136 24 32 174 178 158 95 17 66 72 13 77 126 108 10 76 51 193 7 164 189 30 1 137 4 116 32 76 198 109 97 110 117 78 76 25 158 120 93 145 58 116 173 55 26 168 138 149 197 71 137 14 43 42 79 4 182 163 20 9 112 177 183 168 24 69 121 152 21 150 63 25 92 66 172 30 70 74 
100 105
184 128 169 189 12 31 25 158 40 60 61 180 25 78 87 2 66 33 148 163 92 180 192 1 88 32 24 119 36 111 25 20 158 93 65 177 106 137 32 167 93 127 121 78 5 186 108 106 13 7 172 19 95 182 70 34 72 182 187 63 1 20 142 80 110 186 180 183 181 57 20 95 87 160 123 64 184 131 129 51 200 66 198 40 84 14 154 93 25 154 114 96 12 121 170 44 169 68 152 111 
100 105
116 65 192 50 141 88 24 45 139 122 68 153 153 13 57 63 152 185 101 17 28 118 21 9 111 62 91 64 91 59 105 133 143 174 11 12 58 54 15 73 101 8 22 139 161 82 35 138 83 42 111 34 38 105 110 192 50 161 72 137 160 150 76 126 188 29 81 8 156 173 8 24 198 63 113 15 39 197 20 148 64 175 159 70 133 13 68 180 123 167 49 55 64 85 48 180 1 138 24 21 
100 105
12 156 139 46 20 110 178 144 109 93 77 150 3 153 14 72 75 72 105 102 187 192 1 23 16 65 158 72 14 183 78 86 151 159 71 55 10 6 11 175 192 59 67 178 184 172 116 134 92 59 22 145 84 119 174 186 41 85 28 162 29 7 16 174 15 32 155 13 133 13 140 180 113 158 19 2 48 36 188 126 194 60 134 54 8 8 53 94 91 70 34 136 24 77 162 19 116 50 180 133 
100 105
3 189 136 157 6 23 35 47 5 176 194 21 49 199 188 47 98 168 21 140 174 100 117 6 57 165 135 1 18 62 57 101 30 200 5 189 128 61 197 35 83 154 49 102 105 141 37 151 23 185 82 120 173 2 191 44 170 75 180 9 186 86 123 12 79 88 3 176 22 183 117 194 71 161 82 76 113 64 152 29 49 88 58 190 91 6 90 6 90 186 168 137 106 24 160 137 89 35 52 133 
100 105
67 89 136 116 170 98 88 87 191 191 170 153 97 56 2 1 91 35 195 1 75 189 87 26 154 192 69 76 21 82 100 86 196 20 52 196 140 196 70 46 199 195 180 48 144 197 127 64 146 127 172 20 186 120 81 80 135 127 48 159 25 97 74 199 192 154 140 1 131 107 61 129 139 101 11 129 59 88 195 153 181 57 99 16 56 23 144 160 50 129 101 71 66 193 90 67 193 53 158 125 
100 105
91 88 6 32 90 57 139 91 151 168 197 92 145 17 34 159 63 67 120 33 3 119 178 182 194 90 148 172 50 48 142 166 80 15 200 161 67 128 172 95 18 42 196 16 98 175 52 175 47 18 180 67 80 2 198 53 38 51 71 132 15 69 198 92 79 114 20 130 113 4 137 99 90 87 110 144 196 100 5 76 134 5 62 164 62 123 52 62 43 163 89 86 4 75 119 57 97 79 112 138 
100 105
137 190 161 21 178 199 19 198 81 139 136 63 104 41 193 77 75 127 135 165 148 44 93 77 164 69 91 17 197 54 61 158 78 159 166 195 139 131 114 128 12 52 47 149 183 127 172 109 79 74 106 16 43 123 191 119 85 51 145 70 11 198 103 154 61 143 92 57 158 37 90 27 59 58 2 41 13 168 149 14 24 33 176 37 172 98 55 142 122 138 173 82 47 137 33 46 92 25 170 42 
100 105
182 19 184 178 194 69 9 191 121 148 7 116 42 140 136 134 95 117 36 71 77 197 164 141 92 92 52 90 81 86 118 118 24 103 30 109 151 168 187 33 140 89 16 30 193 1 5 13 108 140 178 8 186 77 15 61 123 36 110 98 194 87 177 114 64 43 2 178 172 93 185 96 112 94 80 78 40 120 150 141 76 56 34 135 166 183 49 122 108 68 4 45 31 79 51 52 96 67 196 166 
100 105
59 85 15 157 11 149 44 156 163 158 145 63 87 158 186 96 58 200 178 37 31 85 148 72 97 7 94 54 84 156 139 181 106 16 34 35 148 90 195 184 104 101 120 6 115 175 65 196 39 194 21 6 36 50 15 9 130 34 184 37 41 83 37 7 179 5 47 105 108 125 184 145 120 52 107 89 20 93 18 93 153 81 121 182 123 197 102 94 39 54 175 98 70 60 162 156 115 20 8 28 
100 105
59 167 102 174 102 184 113 77 189 86 70 10 67 200 165 1 96 3 125 19 112 57 35 101 174 185 195 124 170 68 172 146 177 36 198 142 77 155 189 4 96 38 46 59 190 5 48 115 84 162 114 126 155 61 177 72 180 71 200 22 193 89 90 138 80 113 98 28 16 97 24 147 160 63 169 69 62 139 169 112 183 132 96 100 124 27 198 110 168 17 191 130 170 179 10 2 190 167 41 50 
100 105
19 115 176 42 164 121 165 77 10 94 35 146 121 81 55 4 79 144 189 79 116 85 96 184 8 10 34 186 97 138 14 188 161 26 146 117 75 52 169 67 131 54 5 142 64 140 191 38 171 141 152 86 72 127 23 64 25 7 92 52 106 105 162 9 52 98 49 165 127 109 25 155 189 46 192 119 23 120 169 83 90 149 183 144 175 8 27 196 147 116 105 131 5 151 115 85 14 125 94 118 
100 105
63 14 160 64 96 65 18 131 63 47 14 191 120 60 135 74 99 8 183 82 73 159 88 63 185 147 43 54 185 170 188 63 50 117 42 53 38 185 188 44 101 14 150 137 154 62 98 183 77 29 84 110 169 47 76 157 81 99 55 162 70 184 179 87 118 195 62 182 132 183 190 182 17 145 9 18 149 96 60 29 182 92 82 178 9 159 57 13 62 97 13 139 52 151 170 138 111 27 92 138 
100 105
121 197 22 104 90 30 80 145 49 195 189 104 134 130 70 34 74 15 85 22 71 156 58 83 115 29 149 115 92 98 5 48 18 175 15 37 187 21 176 80 175 117 54 137 53 73 163 4 65 199 140 19 8 61 12 53 23 3 177 47 121 43 96 2 165 83 192 193 199 186 97 163 142 7 173 177 74 4 97 132 55 51 170 58 52 163 193 65 100 59 79 179 8 168 122 86 170 57 51 79 
100 105
11 6 40 158 141 18 84 186 35 41 21 96 182 54 120 172 129 93 129 107 187 27 164 177 162 57 163 154 40 168 61 183 101 31 21 35 70 141 13 160 168 24 126 35 20 68 146 111 21 131 37 134 147 171 161 160 44 172 122 98 111 102 144 186 154 54 182 164 22 21 112 11 168 110 165 166 198 107 168 109 110 62 58 36 46 154 113 41 84 135 66 32 176 136 5 84 16 1 87 165 
100 105
132 160 36 180 53 20 59 30 70 91 93 33 44 66 194 15 73 57 72 46 128 199 62 16 179 113 132 72 111 113 133 80 24 80 70 29 42 146 110 192 44 54 47 87 48 27 107 113 105 59 104 42 11 58 49 192 57 195 38 14 114 133 167 155 155 167 91 173 120 70 195 132 126 110 169 107 115 163 68 39 139 93 120 144 27 135 7 51 27 161 170 92 16 72 167 142 40 85 113 126 
100 105
62 41 120 7 41 97 142 160 11 73 114 168 43 15 97 43 128 194 79 45 65 109 92 117 98 174 81 189 91 113 162 154 42 172 31 34 159 140 17 104 74 174 112 70 108 124 182 36 110 40 106 64 127 153 148 89 185 187 170 100 12 35 14 41 97 179 53 43 185 102 38 41 126 44 144 57 75 135 63 59 30 123 107 193 65 64 2 76 186 141 124 189 115 96 60 100 196 11 82 134 
100 105
147 50 137 92 169 182 40 81 79 59 64 108 141 176 69 161 91 136 156 54 95 45 69 147 62 127 27 30 190 185 26 11 78 115 169 151 32 194 139 105 29 173 102 166 80 27 94 63 59 133 17 142 17 191 90 146 133 152 130 34 74 96 196 174 82 149 151 16 50 23 188 66 41 68 74 66 24 37 109 53 18 115 34 40 35 61 87 168 22 150 82 180 71 11 1 108 65 182 30 135 
100 105
80 15 23 124 139 106 13 153 127 80 134 95 198 173 72 132 192 153 43 113 61 195 177 40 87 185 183 8 169 103 118 35 25 77 88 178 192 133 171 125 58 197 183 97 97 132 110 28 23 157 199 67 152 138 101 163 61 2 56 129 121 66 102 54 155 58 173 127 109 101 96 97 178 152 102 185 144 165 184 164 80 61 54 40 128 166 141 61 186 103 11 164 33 111 128 185 104 23 15 88 
100 105
147 177 173 187 57 159 117 105 120 175 129 195 139 123 167 63 77 85 172 80 61 97 157 174 56 25 58 64 74 144 136 144 62 136 59 83 135 182 162 174 123 195 184 32 118 20 47 197 163 76 190 144 44 84 21 18 165 21 156 39 187 56 121 101 151 196 118 142 129 186 116 138 13 29 30 53 134 172 187 179 135 31 53 166 149 140 176 24 10 84 106 43 159 27 126 158 116 139 145 103 
100 105
192 62 128 122 1 189 17 52 194 48 10 106 72 25 148 92 97 167 19 60 119 30 3 26 62 43 5 181 159 45 100 15 125 76 38 40 109 84 152 85 155 200 196 180 105 24 191 119 155 19 162 14 141 39 43 12 111 137 43 174 82 41 126 181 10 178 124 76 11 166 126 166 14 13 70 176 8 184 147 148 127 165 75 129 117 107 123 112 23 182 170 141 14 133 92 141 191 14 160 47 
100 105
117 8 152 59 21 110 121 157 1 169 40 96 41 137 170 125 190 46 18 6 41 99 198 74 147 68 86 189 199 81 75 14 23 138 84 29 115 164 159 143 185 141 46 188 120 113 48 200 51 9 177 107 177 94 93 76 24 54 51 188 26 39 24 164 65 59 49 186 64 121 25 31 101 194 194 69 105 70 104 44 150 180 139 111 44 161 147 144 155 136 30 191 102 167 79 34 88 88 195 92 
100 105
98 131 60 132 184 127 1 128 48 151 128 49 123 138 76 86 180 176 64 7 151 2 148 47 115 29 74 35 181 192 104 175 162 13 66 59 150 80 123 108 182 50 150 158 12 195 135 132 49 34 123 61 23 114 109 182 47 32 96 98 188 125 28 93 18 77 68 12 98 156 103 119 169 24 149 125 52 169 193 69 164 145 149 28 79 44 181 44 159 17 115 34 197 175 143 36 82 32 46 1 
100 105
192 121 108 73 154 134 30 103 182 33 195 166 139 198 49 55 41 112 19 191 10 85 164 151 41 24 68 49 120 199 118 158 198 30 196 164 135 155 45 5 71 106 15 137 10 132 171 134 98 165 70 140 129 191 143 64 18 111 18 8 25 5 37 78 158 111 188 185 20 52 11 158 15 76 21 22 56 96 55 19 71 163 87 153 192 168 72 89 24 64 123 192 169 33 194 107 75 170 142 61 
100 105
22 195 68 19 137 25 120 85 35 146 100 76 187 86 103 122 79 66 20 130 69 19 60 18 127 25 96 195 117 70 175 129 121 155 55 69 22 180 31 60 162 66 35 95 130 23 119 28 81 146 56 3 76 66 137 195 99 194 178 77 143 45 34 70 147 9 182 93 9 6 57 170 87 28 131 93 196 62 117 87 78 133 73 57 145 89 89 35 138 158 12 110 134 77 71 111 92 52 22 132 
100 105
31 111 24 76 189 128 44 101 120 18 152 180 104 82 149 97 11 145 104 5 188 45 136 184 82 174 62 147 89 132 35 45 92 103 63 158 82 104 166 170 20 200 63 77 197 149 109 179 110 141 128 68 40 40 95 76 97 3 41 143 117 88 129 130 72 85 194 84 89 113 107 102 61 6 9 12 94 65 128 106 27 194 4 21 126 116 52 115 47 73 135 145 110 94 76 184 72 160 16 192 
100 105
194 196 175 196 113 53 57 47 146 67 179 126 168 79 167 61 142 13 132 102 91 134 76 99 196 18 65 107 136 91 70 33 43 67 72 90 33 77 20 9 54 17 168 26 167 185 128 34 111 95 166 74 47 180 142 94 187 100 164 94 103 5 60 148 109 51 141 105 108 149 85 113 195 34 94 103 154 100 111 85 174 108 99 55 91 128 19 70 16 177 36 123 105 90 106 175 146 182 88 57 
100 105
164 94 55 150 146 135 70 168 88 68 10 63 98 109 103 18 155 155 184 45 62 126 4 106 28 144 170 69 45 171 19 176 79 162 2 146 40 132 58 61 1 58 65 56 37 45 138 147 102 132 84 75 165 136 51 14 130 71 141 17 200 13 158 170 158 24 73 185 163 136 84 76 173 172 65 26 164 93 9 21 63 39 134 46 4 117 24 146 20 191 59 51 159 163 105 155 5 17 119 145 
100 105
121 196 24 96 187 179 7 78 118 187 164 57 189 64 80 74 193 105 176 38 27 87 18 95 8 176 127 9 170 195 70 172 27 87 142 70 111 146 114 108 179 29 79 46 79 123 175 51 63 37 52 142 153 88 45 119 74 171 32 4 56 49 193 86 184 195 90 90 8 162 87 52 141 59 135 95 24 62 140 75 133 2 181 192 133 192 6 140 112 144 57 24 90 125 114 110 182 161 106 76 
100 105
48 171 139 10 196 93 31 168 53 29 156 107 52 77 79 42 24 18 57 61 21 138 108 20 117 49 140 32 126 55 57 12 24 110 85 4 59 107 169 157 67 123 60 110 125 80 65 21 39 61 176 198 164 29 64 112 109 10 33 132 49 18 6 88 187 172 187 147 59 29 20 120 17 158 100 94 33 61 176 21 32 150 74 38 77 35 181 129 90 53 71 56 44 44 160 117 135 162 118 103 
100 105
159 46 199 91 46 10 160 177 179 38 16 190 128 172 158 177 57 71 173 174 13 112 83 194 71 18 106 121 147 64 25 103 8 118 106 168 16 169 200 180 78 143 28 192 92 30 150 120 82 69 6 158 66 154 163 1 31 70 88 107 48 143 52 33 191 154 16 145 105 21 182 180 153 141 151 166 42 139 37 34 128 103 24 49 119 117 141 190 82 184 142 189 80 55 74 8 106 172 12 170 
100 105
79 93 175 114 11 185 198 188 13 115 77 7 115 149 74 15 39 147 12 19 148 135 191 6 142 137 25 148 109 22 75 28 118 26 60 106 139 170 56 75 165 152 185 110 196 120 56 80 72 150 187 149 200 192 82 14 165 72 151 127 115 162 72 188 150 9 97 110 120 90 102 91 35 22 63 2 186 22 159 173 188 94 17 150 199 119 44 19 106 169 184 48 3 83 15 101 116 148 135 45 
100 105
176 178 184 109 82 6 193 41 152 148 197 48 17 200 45 175 90 39 190 4 25 76 2 35 24 96 61 73 146 10 69 109 49 89 166 145 50 7 66 25 140 53 34 36 34 137 190 16 168 120 186 104 155 169 166 47 53 36 119 181 154 157 152 47 53 75 95 153 184 17 25 91 144 113 24 127 82 120 186 163 8 114 119 31 184 116 49 159 149 56 117 134 139 167 90 16 193 2 45 48 
100 105
42 168 58 108 112 124 152 198 23 154 10 159 189 111 188 176 163 56 149 78 75 15 122 8 199 125 92 14 165 95 33 1 48 4 1 131 146 145 15 167 67 93 127 167 85 120 97 190 148 127 28 17 17 117 117 120 197 89 124 60 191 86 79 159 38 173 14 25 78 126 12 181 190 17 56 121 159 199 155 74 81 169 103 66 88 182 165 165 183 133 49 14 35 97 43 190 140 48 62 172 
100 105
118 108 52 53 83 56 170 157 10 155 129 72 41 69 184 159 130 76 193 165 53 95 11 50 20 79 129 188 60 132 7 196 3 169 85 37 81 161 121 17 47 28 57 81 199 168 77 200 57 80 127 113 159 145 108 184 6 49 137 162 72 62 101 18 171 40 3 96 144 33 178 158 95 3 127 71 197 50 117 41 137 153 174 185 35 107 71 1 5 108 58 197 10 116 70 20 40 64 128 189 
100 105
183 103 143 56 179 42 157 57 35 49 170 18 56 198 199 102 75 184 127 6 171 159 55 105 67 86 193 161 50 30 181 161 200 63 47 88 138 117 139 34 90 75 110 157 86 59 80 58 25 101 57 39 138 134 183 160 68 42 25 181 123 81 169 141 125 173 37 27 70 189 113 189 98 192 9 134 90 49 195 51 77 69 62 71 25 79 164 2 71 159 65 54 161 145 101 92 21 162 164 33 
100 105
2 9 51 106 95 113 22 189 131 60 126 181 6 82 164 26 2 55 108 188 178 72 83 157 49 180 76 194 48 76 182 178 4 89 33 54 36 122 172 180 115 47 78 6 162 1 56 169 30 70 29 75 86 104 163 151 116 65 2 111 159 137 165 88 132 146 184 5 153 190 186 164 112 107 180 147 152 45 159 39 55 39 57 124 1 113 56 114 199 134 145 103 181 82 34 103 50 101 120 138 
100 105
136 200 180 143 170 33 113 107 149 52 165 174 85 97 87 128 145 125 15 68 200 69 136 195 7 92 21 11 189 161 94 158 52 130 64 32 62 62 80 107 172 189 128 10 145 131 133 138 55 21 133 112 32 180 69 107 54 88 115 12 93 79 26 106 186 78 163 194 35 9 39 56 21 76 5 61 43 130 23 14 5 77 113 174 75 198 54 60 159 71 137 64 61 57 21 36 155 27 64 173 
100 105
174 135 104 25 67 171 155 76 143 104 167 189 168 187 191 71 181 71 31 170 93 188 59 47 23 43 38 165 129 36 123 48 60 117 20 181 93 41 12 27 166 125 173 6 83 144 93 163 118 1 29 160 31 196 65 189 55 35 6 60 124 39 47 63 147 119 74 64 57 110 172 1 114 100 115 41 5 189 88 106 195 157 11 146 18 140 37 70 185 17 180 17 142 141 182 155 164 108 68 6 
100 105
96 174 81 168 129 51 30 42 71 55 136 129 81 47 12 52 92 46 51 1 83 183 6 120 88 139 129 147 39 97 32 146 88 61 43 3 37 31 134 19 195 99 6 127 128 89 200 112 114 8 138 86 71 85 169 175 51 68 114 133 200 23 73 156 160 170 188 82 112 91 58 2 167 72 87 114 82 148 154 71 40 51 17 46 195 124 69 73 19 145 150 2 127 126 30 180 145 97 50 8 
100 105
180 174 151 14 49 157 179 188 106 104 183 8 44 124 123 157 135 112 98 198 179 98 135 167 116 12 179 101 121 89 149 64 64 35 18 64 103 113 13 178 161 29 74 70 96 69 191 83 37 24 110 198 30 195 103 115 8 97 132 69 70 19 1 124 140 8 81 66 75 18 57 135 103 113 159 161 155 188 56 67 34 63 167 164 112 182 122 187 92 139 158 136 39 74 82 94 74 23 109 169 
100 105
15 21 94 187 182 154 41 136 57 4 73 66 180 165 120 13 100 34 54 11 8 28 30 97 17 1 190 123 190 158 97 171 31 60 152 126 36 28 108 196 150 44 104 86 10 123 123 38 192 136 82 199 103 185 85 90 66 64 118 88 137 161 173 86 80 91 50 199 104 2 87 160 103 137 19 75 185 110 153 70 72 166 200 86 185 126 96 35 195 130 153 86 107 14 52 62 78 75 194 182 
100 105
152 46 49 98 99 140 59 188 146 76 75 50 161 190 153 122 123 167 107 21 172 89 75 96 53 65 101 188 122 9 50 90 70 47 101 80 191 83 74 191 156 169 73 176 156 31 5 48 33 160 114 97 198 96 80 145 34 139 57 22 17 30 85 7 79 21 41 138 192 130 93 171 146 68 45 154 172 31 132 106 111 122 136 156 164 54 20 14 72 65 99 98 56 188 84 62 32 142 163 35 
100 105
116 157 50 188 196 127 143 121 6 179 129 45 71 102 190 72 59 154 75 163 190 19 159 163 44 94 143 7 90 96 80 50 41 87 89 163 81 194 116 146 4 129 132 163 155 77 106 102 182 21 187 76 20 122 103 173 200 92 38 187 167 44 21 130 200 77 114 80 145 36 197 133 198 83 47 84 36 184 116 122 127 24 48 16 29 129 188 171 145 8 100 135 163 48 17 86 62 25 135 22 
100 105
37 31 60 185 166 107 71 19 46 148 78 58 173 93 69 35 174 17 155 74 149 4 112 148 44 80 118 176 3 130 170 179 29 155 44 162 94 133 41 199 104 193 65 82 42 177 78 72 76 185 23 24 102 28 175 14 31 30 166 42 186 125 184 162 145 25 41 171 187 90 122 29 193 199 126 64 178 12 73 86 132 45 167 158 153 125 44 174 185 71 200 103 125 174 198 149 74 55 194 126 
100 105
122 2 193 70 38 172 200 34 98 53 115 2 64 155 48 73 147 148 111 93 52 82 63 174 7 164 4 154 140 143 70 111 95 162 186 198 36 119 198 153 71 85 22 174 61 115 35 87 40 49 143 27 174 149 111 148 101 25 114 170 26 103 110 78 167 95 17 38 152 40 38 168 20 71 190 151 49 67 45 65 72 190 121 79 134 154 2 3 32 151 78 55 53 52 186 184 48 39 60 138 
100 105
17 143 172 188 34 123 113 175 141 22 13 186 193 183 185 61 69 173 136 166 178 121 93 187 59 10 88 19 150 197 51 62 101 42 199 4 12 3 29 88 163 39 59 156 23 188 126 51 81 117 150 176 183 79 45 98 90 178 193 131 32 43 162 13 175 186 5 141 95 175 27 155 32 126 184 70 101 138 193 186 40 110 139 94 24 76 128 150 30 100 96 62 5 189 92 186 193 6 32 87 
100 105
169 137 29 100 5 23 50 121 74 84 194 59 90 103 94 153 3 101 103 14 181 41 105 87 77 49 106 198 106 151 126 156 189 85 138 31 79 127 22 57 15 104 86 96 132 110 164 197 111 30 14 156 54 135 15 102 200 38 77 185 90 4 88 72 21 114 133 86 146 125 83 11 119 21 146 33 169 35 191 136 85 133 141 22 133 51 193 29 197 199 195 12 188 50 184 78 65 32 129 119 
100 105
194 57 14 58 113 147 26 76 128 134 3 111 175 56 147 117 192 113 197 66 195 183 121 29 167 195 118 140 96 143 50 162 177 125 142 197 174 90 156 20 92 144 134 181 134 190 59 165 56 61 125 157 108 163 90 30 93 185 82 12 196 80 118 103 25 109 33 131 135 108 127 115 191 158 38 117 46 104 8 54 81 63 104 30 43 141 121 38 41 186 80 29 112 50 146 27 136 146 120 173 
100 105
55 34 120 27 47 48 75 169 195 163 48 47 138 172 5 14 85 77 198 115 74 53 178 62 155 183 26 48 107 188 93 40 66 4 128 4 71 143 66 168 178 95 195 62 153 38 59 7 101 45 68 175 38 133 172 19 195 180 123 172 168 160 70 140 25 77 47 140 24 140 193 80 77 199 73 37 117 63 167 105 99 58 139 168 150 128 153 34 117 149 14 147 179 57 73 174 179 66 195 68 
100 105
109 188 174 155 116 8 34 136 102 196 150 140 91 80 66 53 98 90 172 55 57 7 156 51 63 149 136 80 193 100 73 158 53 31 84 7 18 162 76 177 123 103 151 45 92 128 140 155 189 166 124 185 151 33 24 152 154 170 50 113 196 134 144 180 188 101 45 73 144 80 154 57 17 122 123 125 197 168 149 4 58 176 5 69 122 184 25 199 35 103 100 157 79 4 35 64 180 13 191 93 
100 105
133 94 9 60 42 54 188 88 40 67 152 177 151 58 175 198 175 84 165 40 75 150 13 86 183 40 157 152 173 139 149 78 96 91 74 7 76 3 103 66 137 143 40 162 22 49 83 40 30 155 7 78 143 19 67 180 19 87 197 40 57 7 165 97 22 19 10 142 88 194 188 187 176 153 158 143 74 131 67 92 178 18 162 150 43 21 146 180 117 116 185 72 6 135 62 62 171 35 76 145 
100 105
58 79 139 133 157 60 184 158 105 26 17 97 164 45 2 186 10 140 180 114 108 135 42 44 40 39 36 173 199 125 188 16 155 197 184 35 23 176 35 144 155 11 39 35 121 54 118 107 93 19 75 197 161 158 79 27 37 21 77 16 118 120 184 66 151 107 108 172 40 171 178 172 58 143 157 176 41 103 163 72 119 177 197 22 163 80 40 59 25 157 124 189 80 199 3 127 81 100 107 86 
100 105
10 46 93 16 167 70 79 165 112 77 176 81 44 31 79 91 195 148 186 64 24 53 112 160 9 140 28 29 3 144 101 197 76 39 92 185 64 33 140 67 189 68 65 33 145 169 159 12 32 78 30 153 46 119 14 192 156 178 6 101 23 131 101 142 104 63 91 197 112 177 6 155 147 81 1 191 33 150 58 58 37 33 123 2 73 115 142 145 156 9 15 55 14 199 148 97 26 81 78 162 
100 105
70 172 67 178 23 93 102 167 13 2 111 125 127 71 200 167 4 133 79 187 26 117 137 151 140 145 99 194 125 11 106 151 78 113 35 94 114 154 58 129 126 176 51 126 51 81 153 160 184 130 48 79 46 191 103 192 43 101 73 103 128 61 110 49 32 101 49 106 140 13 49 172 153 175 35 45 90 7 146 135 119 1 141 35 92 60 168 8 198 81 78 100 155 46 5 86 157 190 54 149 
100 105
24 199 196 92 40 84 101 41 94 46 37 72 70 88 26 181 94 188 33 62 111 40 158 49 86 98 185 107 162 41 146 186 51 13 84 47 149 199 200 58 128 93 180 67 122 101 84 52 6 200 74 149 61 186 156 56 96 121 155 52 153 67 178 195 22 152 81 27 104 183 153 45 21 103 6 197 171 89 106 172 138 80 67 163 132 8 4 171 48 192 88 188 113 21 86 139 143 6 161 123 
100 105
70 159 38 148 176 2 52 134 65 53 150 36 103 135 191 70 75 103 91 75 22 151 130 16 90 110 20 8 118 73 169 85 97 167 28 30 10 18 68 88 60 48 161 87 119 133 145 13 154 67 97 156 128 4 97 48 161 115 59 164 101 188 97 15 101 192 166 29 133 151 176 82 141 159 176 7 159 16 164 151 172 40 112 154 16 37 20 80 61 161 153 168 107 196 82 149 159 70 51 138 
100 105
94 6 65 156 100 162 46 183 37 15 141 107 58 95 78 198 126 99 37 153 13 87 20 102 198 76 8 44 49 52 154 29 166 108 49 34 186 97 177 145 81 73 21 147 38 67 28 150 6 134 146 147 124 44 3 80 73 20 47 17 197 107 58 138 87 84 115 38 107 143 52 196 59 196 73 48 200 49 171 116 154 123 116 123 195 195 174 194 113 37 162 36 105 80 113 109 75 94 22 52 
100 105
69 149 49 118 153 15 103 190 16 197 171 149 140 54 29 143 67 46 49 155 49 185 36 31 97 15 90 141 49 51 134 141 87 110 26 125 64 169 141 35 40 19 73 140 72 126 192 195 123 125 46 147 195 170 60 39 115 4 116 123 28 148 192 117 64 199 159 106 52 77 193 166 10 92 17 130 48 34 57 83 83 179 49 15 159 192 138 192 9 37 136 128 97 113 70 114 193 45 127 116 
100 105
83 148 54 191 163 34 168 132 133 198 189 132 161 170 33 112 54 50 74 108 66 62 161 127 47 170 179 65 186 171 84 28 134 42 33 161 58 186 97 162 16 198 182 18 89 150 94 178 69 42 93 14 167 1 135 21 131 39 116 9 56 42 192 179 56 61 15 179 31 162 57 13 116 49 51 96 89 144 28 102 189 89 142 190 106 25 32 22 132 124 163 110 15 180 20 167 154 86 116 66 
