1000
1 2
2 3
3 4
3 5
1 6
3 7
3 8
7 9
9 10
10 11
7 12
6 13
12 14
7 15
13 16
8 17
7 18
8 19
9 20
13 21
19 22
8 23
8 24
6 25
11 26
26 27
7 28
3 29
2 30
26 31
7 32
19 33
12 34
22 35
16 36
10 37
32 38
28 39
28 40
22 41
12 42
15 43
4 44
13 45
21 46
38 47
12 48
44 49
35 50
8 51
6 52
50 53
28 54
29 55
34 56
11 57
13 58
45 59
52 60
44 61
28 62
17 63
55 64
9 65
17 66
8 67
24 68
5 69
49 70
4 71
18 72
62 73
15 74
16 75
16 76
15 77
36 78
25 79
5 80
70 81
25 82
73 83
63 84
50 85
33 86
6 87
73 88
85 89
80 90
79 91
89 92
56 93
3 94
63 95
33 96
15 97
91 98
48 99
3 100
45 101
30 102
58 103
96 104
61 105
63 106
75 107
33 108
46 109
37 110
35 111
63 112
24 113
88 114
100 115
56 116
67 117
89 118
94 119
3 120
93 121
23 122
100 123
85 124
37 125
21 126
19 127
79 128
51 129
20 130
123 131
41 132
62 133
11 134
85 135
128 136
70 137
32 138
35 139
5 140
122 141
93 142
60 143
46 144
34 145
97 146
47 147
12 148
116 149
93 150
107 151
49 152
147 153
52 154
4 155
10 156
60 157
47 158
11 159
11 160
47 161
70 162
39 163
69 164
119 165
79 166
17 167
85 168
141 169
25 170
105 171
162 172
111 173
127 174
145 175
145 176
167 177
177 178
176 179
162 180
88 181
160 182
154 183
63 184
76 185
48 186
22 187
47 188
114 189
167 190
91 191
129 192
129 193
8 194
110 195
151 196
171 197
19 198
24 199
58 200
153 201
175 202
28 203
163 204
153 205
193 206
48 207
17 208
34 209
187 210
188 211
156 212
8 213
48 214
67 215
118 216
148 217
203 218
136 219
65 220
106 221
45 222
177 223
164 224
89 225
193 226
84 227
38 228
4 229
33 230
152 231
185 232
113 233
225 234
131 235
161 236
230 237
125 238
110 239
100 240
210 241
205 242
96 243
148 244
243 245
199 246
161 247
182 248
45 249
103 250
82 251
4 252
159 253
246 254
18 255
127 256
130 257
161 258
36 259
29 260
235 261
168 262
204 263
224 264
13 265
55 266
216 267
50 268
61 269
113 270
76 271
15 272
86 273
15 274
11 275
90 276
46 277
190 278
167 279
135 280
111 281
222 282
63 283
76 284
166 285
45 286
78 287
287 288
154 289
118 290
190 291
157 292
166 293
128 294
8 295
293 296
128 297
75 298
177 299
83 300
277 301
112 302
199 303
242 304
143 305
231 306
229 307
247 308
246 309
26 310
219 311
25 312
214 313
61 314
213 315
129 316
183 317
93 318
56 319
11 320
295 321
169 322
116 323
154 324
324 325
271 326
219 327
23 328
62 329
22 330
99 331
43 332
198 333
55 334
195 335
219 336
193 337
157 338
151 339
302 340
248 341
310 342
149 343
228 344
179 345
128 346
1 347
320 348
287 349
25 350
8 351
273 352
163 353
267 354
51 355
355 356
235 357
127 358
164 359
78 360
176 361
25 362
323 363
140 364
328 365
325 366
346 367
223 368
214 369
178 370
134 371
272 372
124 373
16 374
64 375
159 376
292 377
257 378
327 379
30 380
293 381
178 382
6 383
106 384
17 385
176 386
156 387
89 388
44 389
313 390
11 391
269 392
163 393
36 394
67 395
216 396
239 397
8 398
232 399
231 400
175 401
31 402
359 403
72 404
264 405
46 406
174 407
50 408
179 409
216 410
4 411
411 412
260 413
245 414
123 415
197 416
124 417
145 418
242 419
333 420
325 421
146 422
417 423
229 424
20 425
165 426
285 427
282 428
316 429
135 430
364 431
119 432
274 433
123 434
205 435
59 436
207 437
67 438
388 439
367 440
426 441
375 442
234 443
414 444
6 445
154 446
423 447
349 448
92 449
150 450
62 451
236 452
287 453
147 454
242 455
284 456
366 457
175 458
109 459
204 460
333 461
234 462
274 463
117 464
33 465
360 466
182 467
356 468
448 469
37 470
46 471
168 472
318 473
76 474
129 475
166 476
463 477
273 478
150 479
115 480
392 481
126 482
481 483
260 484
282 485
9 486
360 487
475 488
293 489
431 490
201 491
258 492
281 493
167 494
363 495
251 496
196 497
181 498
194 499
398 500
402 501
277 502
465 503
127 504
248 505
259 506
460 507
216 508
262 509
229 510
341 511
257 512
318 513
195 514
299 515
222 516
168 517
217 518
330 519
491 520
428 521
93 522
90 523
33 524
213 525
282 526
464 527
182 528
138 529
87 530
522 531
278 532
449 533
409 534
197 535
247 536
520 537
110 538
227 539
41 540
94 541
339 542
427 543
91 544
338 545
171 546
178 547
386 548
277 549
312 550
285 551
37 552
310 553
427 554
401 555
67 556
443 557
201 558
525 559
386 560
152 561
283 562
153 563
174 564
213 565
339 566
285 567
467 568
418 569
157 570
100 571
415 572
183 573
157 574
29 575
404 576
486 577
213 578
544 579
169 580
435 581
416 582
435 583
417 584
340 585
159 586
150 587
118 588
577 589
573 590
127 591
389 592
100 593
226 594
289 595
326 596
213 597
429 598
416 599
202 600
500 601
438 602
2 603
76 604
580 605
135 606
29 607
545 608
542 609
75 610
340 611
93 612
306 613
497 614
198 615
246 616
418 617
131 618
291 619
303 620
59 621
120 622
202 623
363 624
593 625
623 626
253 627
350 628
200 629
357 630
556 631
552 632
389 633
88 634
79 635
5 636
328 637
481 638
494 639
495 640
377 641
179 642
68 643
210 644
416 645
304 646
551 647
236 648
72 649
37 650
454 651
159 652
398 653
152 654
486 655
530 656
654 657
618 658
179 659
194 660
591 661
32 662
27 663
76 664
630 665
365 666
6 667
107 668
25 669
111 670
116 671
233 672
487 673
104 674
218 675
367 676
425 677
402 678
534 679
55 680
109 681
384 682
526 683
678 684
369 685
82 686
108 687
209 688
101 689
238 690
611 691
499 692
612 693
278 694
463 695
589 696
228 697
285 698
663 699
326 700
499 701
585 702
521 703
131 704
176 705
555 706
401 707
95 708
95 709
147 710
132 711
433 712
433 713
41 714
562 715
381 716
187 717
265 718
30 719
487 720
184 721
245 722
330 723
191 724
205 725
400 726
32 727
592 728
187 729
248 730
332 731
435 732
706 733
281 734
40 735
166 736
84 737
140 738
132 739
38 740
715 741
102 742
429 743
212 744
380 745
701 746
249 747
557 748
631 749
745 750
64 751
172 752
632 753
340 754
559 755
188 756
599 757
214 758
716 759
444 760
523 761
549 762
511 763
158 764
376 765
523 766
292 767
485 768
195 769
430 770
101 771
127 772
210 773
697 774
487 775
750 776
577 777
20 778
155 779
75 780
773 781
144 782
719 783
749 784
39 785
551 786
492 787
189 788
566 789
649 790
62 791
339 792
354 793
418 794
139 795
754 796
186 797
348 798
590 799
230 800
697 801
541 802
396 803
305 804
135 805
236 806
382 807
572 808
567 809
181 810
644 811
683 812
215 813
141 814
408 815
25 816
687 817
779 818
735 819
645 820
393 821
719 822
149 823
578 824
333 825
451 826
683 827
423 828
316 829
504 830
188 831
355 832
139 833
651 834
754 835
559 836
540 837
206 838
58 839
553 840
214 841
460 842
412 843
828 844
749 845
10 846
429 847
579 848
241 849
383 850
593 851
675 852
59 853
420 854
359 855
89 856
56 857
49 858
645 859
345 860
288 861
130 862
500 863
21 864
190 865
213 866
382 867
112 868
261 869
603 870
589 871
827 872
488 873
269 874
107 875
846 876
531 877
243 878
391 879
731 880
179 881
414 882
184 883
191 884
292 885
711 886
407 887
395 888
842 889
93 890
517 891
597 892
676 893
19 894
489 895
288 896
216 897
695 898
435 899
265 900
86 901
727 902
249 903
739 904
884 905
446 906
510 907
214 908
836 909
888 910
519 911
871 912
476 913
31 914
609 915
89 916
271 917
154 918
718 919
362 920
201 921
192 922
159 923
373 924
724 925
432 926
296 927
690 928
536 929
139 930
400 931
589 932
41 933
130 934
439 935
475 936
143 937
388 938
327 939
939 940
271 941
549 942
288 943
365 944
768 945
495 946
321 947
258 948
93 949
528 950
514 951
118 952
372 953
536 954
897 955
107 956
956 957
330 958
558 959
38 960
5 961
613 962
681 963
668 964
239 965
362 966
242 967
179 968
683 969
714 970
655 971
496 972
666 973
961 974
702 975
911 976
342 977
60 978
224 979
315 980
696 981
692 982
331 983
906 984
848 985
838 986
623 987
491 988
331 989
265 990
388 991
428 992
343 993
291 994
750 995
833 996
780 997
587 998
632 999
928 1000
1000
max 322 214
max 951 601
add 755 -8
max 331 633
add 778 -2221
max 273 384
add 154 2622
add 957 -182
add 901 -9804
max 705 600
add 145 9175
max 417 600
max 619 289
max 129 801
max 841 150
add 584 -5485
add 879 -4041
add 383 -1952
max 441 382
max 29 252
max 870 596
add 711 -1828
add 126 6219
max 432 244
max 870 671
max 611 393
max 525 362
add 621 -8438
add 726 9434
add 91 7322
max 94 929
max 382 367
max 24 723
add 518 -1207
max 179 957
add 342 1355
max 490 729
max 903 313
max 348 947
add 673 -4189
add 737 -7395
add 634 -2134
add 413 7925
max 154 258
add 296 -1861
add 259 2694
max 139 930
add 599 4292
add 563 -6724
max 647 874
max 485 193
add 843 9328
add 263 -5855
max 128 173
max 1 371
max 293 546
max 301 144
max 564 784
max 802 10
add 487 -5487
add 532 -4643
add 487 -3144
max 255 755
max 616 538
max 298 878
max 413 192
add 175 2463
add 325 4784
add 751 9527
add 430 9609
max 365 452
max 980 135
add 584 -2400
add 311 -9247
add 322 3225
add 930 6096
add 662 -5142
add 964 -7080
max 688 527
max 220 642
max 952 93
add 371 -526
max 177 318
max 414 345
add 980 1035
add 289 9848
max 618 724
max 509 930
max 969 807
add 256 9829
max 489 897
add 865 1137
max 319 492
add 399 1120
max 962 652
max 978 947
add 479 2228
add 236 1506
max 969 680
add 324 -323
max 954 979
add 296 -1729
add 205 -3038
max 820 532
add 469 2468
max 235 271
max 266 46
add 76 5327
add 364 9037
max 535 84
add 185 9555
max 400 665
add 887 -9367
max 48 195
max 768 666
max 683 806
max 653 242
add 592 7806
max 961 913
add 431 -8915
max 586 468
max 989 201
max 101 496
add 103 -5572
add 918 -2864
max 490 579
add 790 -3278
add 606 -7681
add 722 7774
max 863 707
add 627 6419
add 331 7644
add 259 -8538
add 737 -9280
max 25 948
max 412 398
max 315 897
add 646 2533
max 540 755
add 287 6536
max 663 174
add 636 4988
add 839 -5179
add 414 560
add 93 8743
add 769 413
add 637 9891
add 370 4832
max 929 144
add 907 9054
add 538 5203
add 448 1034
add 417 -2241
max 551 184
max 97 686
max 923 364
add 13 3251
max 496 537
max 209 981
add 831 2095
max 113 137
add 10 5685
add 382 -390
max 610 440
add 120 1266
add 521 4515
add 923 7142
max 882 886
max 326 437
max 946 603
add 481 -6544
max 518 882
add 459 -7195
max 161 652
add 543 3944
add 556 -8128
add 323 7013
add 782 -4221
max 161 730
add 83 -636
max 314 196
max 505 856
add 882 1610
max 552 617
add 865 -4595
max 114 944
max 119 995
max 744 640
max 344 71
add 213 -6683
max 783 98
add 74 5590
add 11 -9089
add 979 -1458
add 271 -9438
max 984 100
add 214 8550
add 666 -6498
add 954 5299
max 585 870
max 504 516
add 258 3382
max 353 155
max 28 756
add 953 -2614
max 130 787
add 880 -802
max 604 687
add 828 3585
max 588 818
add 477 -2539
add 215 -3617
max 723 512
add 872 -3858
add 554 8030
max 705 916
add 111 -3319
max 787 434
max 660 937
max 939 755
max 527 713
add 622 -8823
add 159 -6946
max 198 728
add 463 332
add 805 -3943
add 908 9943
max 540 344
add 282 2965
add 606 117
max 625 185
add 300 -7784
max 852 847
max 894 616
add 362 3649
add 797 -3877
max 445 251
max 432 360
add 266 7801
add 438 -6052
max 425 895
add 904 4989
max 846 144
add 333 3261
max 105 203
add 221 -5314
max 644 368
max 845 318
add 126 -8727
add 417 -3320
max 980 958
max 706 190
add 906 4527
max 716 309
add 450 7495
add 27 -2134
max 986 663
max 854 580
add 384 723
add 222 -8826
max 676 703
max 280 916
max 14 851
max 949 84
add 848 -6792
max 179 307
add 115 3910
max 359 618
max 305 657
add 638 -102
max 657 509
max 114 281
max 105 614
add 963 2979
add 270 1147
add 754 -4367
add 521 1194
add 425 6871
max 321 949
max 402 518
max 614 581
max 941 595
max 671 464
add 135 6425
add 892 -4350
add 11 -7346
add 902 -4506
max 35 971
max 188 122
add 590 2971
add 161 2110
add 110 -306
add 535 8474
max 495 424
add 78 -8643
add 223 -4426
max 840 40
add 418 530
max 607 897
max 896 939
max 322 685
add 579 -5540
max 488 636
add 527 9194
max 296 259
add 213 -6557
max 707 629
add 927 1226
max 734 982
max 393 62
add 378 6124
max 241 53
add 181 1292
add 53 4973
add 418 -2374
add 262 -7261
add 8 7719
max 377 826
add 328 8659
add 194 8225
add 823 1348
add 880 -532
add 425 6431
add 407 -9500
max 602 931
max 78 550
max 128 653
add 578 4670
add 225 7084
max 16 220
add 696 -3105
max 601 119
add 724 -8383
max 569 588
add 914 8122
add 717 -9418
max 963 9
max 306 171
max 202 720
max 963 318
add 753 -9106
add 611 831
add 852 -6153
add 111 -4451
add 235 1748
add 89 -3229
max 960 257
add 703 9723
add 820 -2506
max 108 393
max 947 402
add 745 -7244
max 918 776
add 867 -3136
add 792 9940
max 60 898
add 310 5563
max 86 900
add 721 -2608
max 54 777
max 834 798
add 904 -1992
max 767 304
max 582 187
add 670 6425
max 186 400
add 115 260
max 873 54
add 776 4581
add 163 -4952
add 453 -9530
add 401 2263
add 920 7370
add 960 8582
add 997 6029
add 657 930
add 421 6362
add 46 3170
max 158 94
add 809 3861
max 174 879
max 31 53
max 380 711
max 952 773
add 188 8879
max 538 37
max 479 124
max 575 510
max 124 763
add 847 -6121
add 675 8722
add 658 -5029
add 195 -9473
max 37 217
add 814 6584
add 861 1557
max 237 514
add 476 -1090
max 267 807
max 508 174
add 897 55
max 467 409
add 562 -9443
add 577 6114
max 290 736
add 639 -1306
max 928 344
max 456 122
add 581 -8388
add 691 -4517
add 439 2434
max 765 482
max 551 119
add 599 8274
add 843 -4412
max 783 806
max 221 47
add 621 8850
add 363 -7658
max 439 143
add 736 -2823
max 268 875
max 391 697
max 882 44
max 356 639
add 621 -2625
max 198 306
add 596 4783
add 177 8883
max 828 152
add 306 -1049
add 7 -6210
add 397 3661
add 726 -9394
add 471 4024
add 123 -5947
add 281 4503
add 935 -7418
add 564 8041
add 830 4687
max 952 95
max 631 631
max 507 220
add 484 -861
add 693 639
max 69 84
add 866 9805
add 941 2287
add 680 -432
add 901 7999
add 502 4488
add 321 -3756
max 77 431
add 970 2988
add 153 1132
max 608 682
max 217 410
add 549 3685
max 814 868
add 615 -346
add 471 6163
add 959 -9961
add 946 -1477
max 745 178
add 492 9042
max 778 5
max 557 176
add 211 -8708
max 271 954
add 329 128
add 83 3771
max 406 456
add 385 -1066
add 329 2488
add 309 -3842
max 924 262
max 925 336
add 857 3344
max 748 896
add 384 4576
add 837 537
max 363 758
max 597 904
add 282 9294
max 805 656
add 984 -7783
add 294 -3744
max 852 488
max 681 833
max 430 708
max 618 926
max 527 546
add 126 -7693
add 552 -8359
add 982 4465
add 495 3893
max 564 430
add 873 6940
add 330 2232
max 360 475
max 777 590
max 19 969
max 267 663
max 699 822
add 416 -5773
add 410 158
add 766 -5239
add 833 272
add 195 -1197
max 132 517
max 684 475
add 412 5544
max 760 806
max 793 173
add 230 -6487
add 481 6509
add 185 -4951
add 210 8383
max 786 308
max 581 990
add 734 -1434
add 201 -2415
max 175 392
add 894 -6697
max 364 762
add 178 1089
add 830 3712
add 861 -3469
add 712 -2487
max 51 805
add 889 -6278
max 817 366
add 373 2612
max 77 901
add 619 -5525
add 944 763
add 59 -6418
add 153 2551
add 896 -8383
add 628 6991
max 461 457
max 2 240
add 385 1970
add 671 8308
add 121 9357
add 298 879
add 703 -217
add 420 5969
add 830 -2201
max 219 806
add 838 8315
add 25 9915
max 473 497
max 779 280
add 325 -4555
max 578 559
max 116 609
add 609 -8055
max 96 212
max 161 283
max 283 111
add 861 9635
max 685 7
add 709 -4223
max 50 994
max 417 625
add 62 -8015
max 204 508
max 14 296
add 184 -4302
add 801 356
add 802 4499
max 675 296
max 692 648
add 294 2520
max 416 477
max 54 765
add 796 -1481
add 807 -495
add 379 -8651
max 210 388
max 975 985
max 554 912
max 165 939
max 608 663
max 817 176
add 493 -4623
add 291 -140
add 28 -3479
add 741 3364
add 137 -8995
add 685 -9345
add 160 -8461
add 900 -7828
max 991 467
max 223 22
max 835 448
add 418 -5899
add 249 -9226
max 389 766
max 3 311
add 311 -7563
max 737 849
max 751 934
add 38 2632
max 594 11
add 906 3458
add 554 5574
max 908 803
max 870 440
max 88 596
max 68 314
add 561 -7747
max 884 957
max 227 401
max 438 200
add 897 -583
add 159 435
max 472 874
add 921 6292
add 553 -5811
add 829 7603
max 418 551
max 547 44
add 689 6811
max 444 639
max 168 758
max 47 332
add 121 4027
max 952 206
add 843 -1584
max 151 686
max 674 46
add 116 1252
max 387 529
add 623 -9277
max 197 662
add 885 842
max 598 629
add 344 5544
max 926 239
max 388 458
add 328 9761
max 978 145
max 814 536
add 240 -1277
add 965 991
max 960 344
max 528 453
add 9 -4459
add 900 8469
max 382 577
add 508 7154
max 470 416
max 648 828
add 789 -6814
max 248 707
max 628 703
add 80 -9243
max 728 441
max 442 843
max 466 370
add 909 -6498
add 374 -2920
max 3 565
max 402 588
max 109 956
add 788 4414
add 666 9999
add 458 -8610
add 883 5482
add 240 7184
add 605 4432
add 785 -3476
max 415 708
max 609 905
add 836 -3268
max 758 526
max 955 329
add 624 -7770
max 371 133
max 286 680
max 656 127
add 411 6720
max 502 225
add 968 -1198
max 505 764
max 965 929
add 102 -8400
max 545 986
add 824 -5145
max 679 928
add 275 9421
add 558 7320
add 813 242
add 803 -2459
max 68 988
max 108 34
max 282 504
max 428 751
add 971 19
add 866 -1426
add 819 -207
max 535 792
add 120 -9455
add 613 -6921
add 519 5830
max 550 658
max 769 809
max 873 653
add 994 -4389
add 732 -9293
max 764 802
max 738 259
max 47 195
add 584 1910
max 774 788
max 770 308
max 485 149
add 631 1698
max 627 51
max 816 69
add 600 371
add 602 -2604
max 874 593
add 129 900
max 380 540
add 852 -1586
max 885 612
max 992 128
add 400 7397
add 7 -8709
add 539 7882
add 319 5123
add 981 7808
add 938 4180
add 294 -1751
add 819 1946
add 776 8281
max 331 336
max 449 198
max 662 248
add 815 -4805
max 808 857
add 344 9666
add 851 1142
add 524 5865
max 30 381
add 158 2556
add 354 -9994
max 377 363
max 212 267
max 310 683
max 10 297
max 736 766
max 4 904
max 847 956
max 176 628
add 153 -6289
max 988 117
add 252 7290
add 221 1999
max 243 312
max 263 661
add 715 -7722
max 958 900
max 20 299
add 969 -1824
add 47 5488
max 482 250
add 348 -5156
max 797 79
max 237 663
add 640 -3521
add 267 -6900
max 92 357
max 347 871
add 2 -6410
max 59 128
max 987 98
add 236 -6273
max 501 465
max 789 211
add 224 -2169
add 157 8714
max 170 753
max 882 936
add 672 -3576
max 867 594
max 627 334
add 304 -3874
max 242 490
add 682 4415
add 799 -3548
max 962 890
add 184 -1007
max 614 43
max 251 957
max 307 893
max 903 907
max 720 303
max 276 993
max 595 770
add 948 -3573
add 965 -5207
max 95 485
max 322 667
max 743 593
max 130 546
add 273 -220
max 698 247
max 107 401
add 782 9414
add 218 -698
max 12 869
add 138 -2202
max 738 767
max 693 505
max 460 616
add 386 -719
add 269 2564
max 426 505
add 527 1586
max 724 909
max 60 421
add 80 3018
add 158 -7970
add 52 -8929
max 23 600
max 257 750
max 705 649
add 634 2014
add 60 4210
max 801 17
max 73 556
max 787 915
max 130 284
add 588 -4269
add 586 -7801
add 572 9269
add 654 -404
add 299 -1852
add 227 -4979
max 995 564
add 748 4198
add 191 4890
max 724 618
add 308 -2817
add 375 8433
max 490 132
add 156 9036
add 147 -6916
max 875 385
add 888 545
add 901 1986
max 414 913
add 951 -4358
add 972 1349
max 969 261
max 760 674
max 686 949
add 168 -1896
add 430 9790
max 967 32
add 270 -6242
add 758 -5255
add 656 1775
max 677 976
add 769 -5408
add 825 4144
max 191 114
add 239 -7257
add 313 -6389
max 873 64
max 828 366
add 220 -757
add 601 -2751
add 739 5797
add 917 -9557
add 948 -352
add 149 6580
max 139 993
add 518 9076
max 543 146
max 780 470
add 466 -4247
add 541 3169
add 702 -6844
max 586 694
max 594 473
add 300 -8495
max 954 38
add 823 -2880
max 823 847
add 197 -2872
max 217 658
max 300 194
add 537 -5737
add 516 -2881
add 494 152
max 516 877
add 981 5009
add 924 1885
max 442 758
max 699 244
max 386 335
max 124 680
add 895 7386
max 194 278
add 455 1067
max 599 151
max 855 433
max 402 191
add 345 2194
add 175 331
add 583 -3704
add 273 3182
add 257 -4764
max 416 71
add 334 546
add 521 -5403
max 913 15
add 502 -2823
add 536 -55
max 871 270
add 585 -5219
max 642 282
add 248 -3777
add 862 6661
max 27 741
max 965 760
add 436 2055
add 927 2059
add 866 -1061
max 668 722
add 952 -8327
add 587 -401
add 862 1793
add 615 294
max 674 208
add 381 -1942
max 92 845
add 964 3198
max 491 721
max 430 741
add 961 7555
max 980 966
add 416 3250
max 790 426
add 187 -3618
add 715 1693
max 82 313
max 967 367
max 62 490
add 636 1219
max 993 324
add 603 8805
add 619 6105
add 93 -5862
add 934 -2892
max 232 497
max 710 545
add 937 -4564
add 540 1290
max 5 869
max 285 18
add 666 5912
max 460 189
max 634 833
max 907 651
max 708 776
max 309 722
add 200 7957
add 208 -4810
max 601 137
max 239 894
add 916 6572
add 344 -7249
add 996 -3374
max 686 420
max 99 857
add 490 -2355
add 77 -7849
add 974 6815
max 747 4
add 541 -9867
add 887 -7148
max 669 283
add 569 562
max 597 813
max 810 46
max 710 262
max 362 32
max 12 57
max 1000 198
max 507 524
max 908 285
add 581 -9943
max 941 810
max 67 122
