2000
1 2
2 3
3 4
3 5
1 6
3 7
3 8
7 9
9 10
10 11
7 12
6 13
12 14
7 15
13 16
8 17
7 18
8 19
9 20
13 21
19 22
8 23
8 24
6 25
11 26
26 27
7 28
3 29
2 30
26 31
7 32
19 33
12 34
22 35
16 36
10 37
32 38
28 39
28 40
22 41
12 42
15 43
4 44
13 45
21 46
38 47
12 48
44 49
35 50
8 51
6 52
50 53
28 54
29 55
34 56
11 57
13 58
45 59
52 60
44 61
28 62
17 63
55 64
9 65
17 66
8 67
24 68
5 69
49 70
4 71
18 72
62 73
15 74
16 75
16 76
15 77
36 78
25 79
5 80
70 81
25 82
73 83
63 84
50 85
33 86
6 87
73 88
85 89
80 90
79 91
89 92
56 93
3 94
63 95
33 96
15 97
91 98
48 99
3 100
45 101
30 102
58 103
96 104
61 105
63 106
75 107
33 108
46 109
37 110
35 111
63 112
24 113
88 114
100 115
56 116
67 117
89 118
94 119
3 120
93 121
23 122
100 123
85 124
37 125
21 126
19 127
79 128
51 129
20 130
123 131
41 132
62 133
11 134
85 135
128 136
70 137
32 138
35 139
5 140
122 141
93 142
60 143
46 144
34 145
97 146
47 147
12 148
116 149
93 150
107 151
49 152
147 153
52 154
4 155
10 156
60 157
47 158
11 159
11 160
47 161
70 162
39 163
69 164
119 165
79 166
17 167
85 168
141 169
25 170
105 171
162 172
111 173
127 174
145 175
145 176
167 177
177 178
176 179
162 180
88 181
160 182
154 183
63 184
76 185
48 186
22 187
47 188
114 189
167 190
91 191
129 192
129 193
8 194
110 195
151 196
171 197
19 198
24 199
58 200
153 201
175 202
28 203
163 204
153 205
193 206
48 207
17 208
34 209
187 210
188 211
156 212
8 213
48 214
67 215
118 216
148 217
203 218
136 219
65 220
106 221
45 222
177 223
164 224
89 225
193 226
84 227
38 228
4 229
33 230
152 231
185 232
113 233
225 234
131 235
161 236
230 237
125 238
110 239
100 240
210 241
205 242
96 243
148 244
243 245
199 246
161 247
182 248
45 249
103 250
82 251
4 252
159 253
246 254
18 255
127 256
130 257
161 258
36 259
29 260
235 261
168 262
204 263
224 264
13 265
55 266
216 267
50 268
61 269
113 270
76 271
15 272
86 273
15 274
11 275
90 276
46 277
190 278
167 279
135 280
111 281
222 282
63 283
76 284
166 285
45 286
78 287
287 288
154 289
118 290
190 291
157 292
166 293
128 294
8 295
293 296
128 297
75 298
177 299
83 300
277 301
112 302
199 303
242 304
143 305
231 306
229 307
247 308
246 309
26 310
219 311
25 312
214 313
61 314
213 315
129 316
183 317
93 318
56 319
11 320
295 321
169 322
116 323
154 324
324 325
271 326
219 327
23 328
62 329
22 330
99 331
43 332
198 333
55 334
195 335
219 336
193 337
157 338
151 339
302 340
248 341
310 342
149 343
228 344
179 345
128 346
1 347
320 348
287 349
25 350
8 351
273 352
163 353
267 354
51 355
355 356
235 357
127 358
164 359
78 360
176 361
25 362
323 363
140 364
328 365
325 366
346 367
223 368
214 369
178 370
134 371
272 372
124 373
16 374
64 375
159 376
292 377
257 378
327 379
30 380
293 381
178 382
6 383
106 384
17 385
176 386
156 387
89 388
44 389
313 390
11 391
269 392
163 393
36 394
67 395
216 396
239 397
8 398
232 399
231 400
175 401
31 402
359 403
72 404
264 405
46 406
174 407
50 408
179 409
216 410
4 411
411 412
260 413
245 414
123 415
197 416
124 417
145 418
242 419
333 420
325 421
146 422
417 423
229 424
20 425
165 426
285 427
282 428
316 429
135 430
364 431
119 432
274 433
123 434
205 435
59 436
207 437
67 438
388 439
367 440
426 441
375 442
234 443
414 444
6 445
154 446
423 447
349 448
92 449
150 450
62 451
236 452
287 453
147 454
242 455
284 456
366 457
175 458
109 459
204 460
333 461
234 462
274 463
117 464
33 465
360 466
182 467
356 468
448 469
37 470
46 471
168 472
318 473
76 474
129 475
166 476
463 477
273 478
150 479
115 480
392 481
126 482
481 483
260 484
282 485
9 486
360 487
475 488
293 489
431 490
201 491
258 492
281 493
167 494
363 495
251 496
196 497
181 498
194 499
398 500
402 501
277 502
465 503
127 504
248 505
259 506
460 507
216 508
262 509
229 510
341 511
257 512
318 513
195 514
299 515
222 516
168 517
217 518
330 519
491 520
428 521
93 522
90 523
33 524
213 525
282 526
464 527
182 528
138 529
87 530
522 531
278 532
449 533
409 534
197 535
247 536
520 537
110 538
227 539
41 540
94 541
339 542
427 543
91 544
338 545
171 546
178 547
386 548
277 549
312 550
285 551
37 552
310 553
427 554
401 555
67 556
443 557
201 558
525 559
386 560
152 561
283 562
153 563
174 564
213 565
339 566
285 567
467 568
418 569
157 570
100 571
415 572
183 573
157 574
29 575
404 576
486 577
213 578
544 579
169 580
435 581
416 582
435 583
417 584
340 585
159 586
150 587
118 588
577 589
573 590
127 591
389 592
100 593
226 594
289 595
326 596
213 597
429 598
416 599
202 600
500 601
438 602
2 603
76 604
580 605
135 606
29 607
545 608
542 609
75 610
340 611
93 612
306 613
497 614
198 615
246 616
418 617
131 618
291 619
303 620
59 621
120 622
202 623
363 624
593 625
623 626
253 627
350 628
200 629
357 630
556 631
552 632
389 633
88 634
79 635
5 636
328 637
481 638
494 639
495 640
377 641
179 642
68 643
210 644
416 645
304 646
551 647
236 648
72 649
37 650
454 651
159 652
398 653
152 654
486 655
530 656
654 657
618 658
179 659
194 660
591 661
32 662
27 663
76 664
630 665
365 666
6 667
107 668
25 669
111 670
116 671
233 672
487 673
104 674
218 675
367 676
425 677
402 678
534 679
55 680
109 681
384 682
526 683
678 684
369 685
82 686
108 687
209 688
101 689
238 690
611 691
499 692
612 693
278 694
463 695
589 696
228 697
285 698
663 699
326 700
499 701
585 702
521 703
131 704
176 705
555 706
401 707
95 708
95 709
147 710
132 711
433 712
433 713
41 714
562 715
381 716
187 717
265 718
30 719
487 720
184 721
245 722
330 723
191 724
205 725
400 726
32 727
592 728
187 729
248 730
332 731
435 732
706 733
281 734
40 735
166 736
84 737
140 738
132 739
38 740
715 741
102 742
429 743
212 744
380 745
701 746
249 747
557 748
631 749
745 750
64 751
172 752
632 753
340 754
559 755
188 756
599 757
214 758
716 759
444 760
523 761
549 762
511 763
158 764
376 765
523 766
292 767
485 768
195 769
430 770
101 771
127 772
210 773
697 774
487 775
750 776
577 777
20 778
155 779
75 780
773 781
144 782
719 783
749 784
39 785
551 786
492 787
189 788
566 789
649 790
62 791
339 792
354 793
418 794
139 795
754 796
186 797
348 798
590 799
230 800
697 801
541 802
396 803
305 804
135 805
236 806
382 807
572 808
567 809
181 810
644 811
683 812
215 813
141 814
408 815
25 816
687 817
779 818
735 819
645 820
393 821
719 822
149 823
578 824
333 825
451 826
683 827
423 828
316 829
504 830
188 831
355 832
139 833
651 834
754 835
559 836
540 837
206 838
58 839
553 840
214 841
460 842
412 843
828 844
749 845
10 846
429 847
579 848
241 849
383 850
593 851
675 852
59 853
420 854
359 855
89 856
56 857
49 858
645 859
345 860
288 861
130 862
500 863
21 864
190 865
213 866
382 867
112 868
261 869
603 870
589 871
827 872
488 873
269 874
107 875
846 876
531 877
243 878
391 879
731 880
179 881
414 882
184 883
191 884
292 885
711 886
407 887
395 888
842 889
93 890
517 891
597 892
676 893
19 894
489 895
288 896
216 897
695 898
435 899
265 900
86 901
727 902
249 903
739 904
884 905
446 906
510 907
214 908
836 909
888 910
519 911
871 912
476 913
31 914
609 915
89 916
271 917
154 918
718 919
362 920
201 921
192 922
159 923
373 924
724 925
432 926
296 927
690 928
536 929
139 930
400 931
589 932
41 933
130 934
439 935
475 936
143 937
388 938
327 939
939 940
271 941
549 942
288 943
365 944
768 945
495 946
321 947
258 948
93 949
528 950
514 951
118 952
372 953
536 954
897 955
107 956
956 957
330 958
558 959
38 960
5 961
613 962
681 963
668 964
239 965
362 966
242 967
179 968
683 969
714 970
655 971
496 972
666 973
961 974
702 975
911 976
342 977
60 978
224 979
315 980
696 981
692 982
331 983
906 984
848 985
838 986
623 987
491 988
331 989
265 990
388 991
428 992
343 993
291 994
750 995
833 996
780 997
587 998
632 999
928 1000
231 1001
639 1002
424 1003
594 1004
919 1005
831 1006
304 1007
136 1008
665 1009
151 1010
821 1011
661 1012
560 1013
907 1014
504 1015
548 1016
625 1017
956 1018
58 1019
1014 1020
783 1021
913 1022
225 1023
7 1024
904 1025
326 1026
667 1027
211 1028
565 1029
996 1030
380 1031
819 1032
624 1033
52 1034
777 1035
910 1036
157 1037
854 1038
379 1039
219 1040
209 1041
288 1042
629 1043
301 1044
946 1045
131 1046
82 1047
329 1048
812 1049
820 1050
360 1051
137 1052
559 1053
862 1054
1053 1055
921 1056
886 1057
997 1058
705 1059
616 1060
525 1061
651 1062
378 1063
573 1064
303 1065
943 1066
1026 1067
539 1068
664 1069
295 1070
342 1071
141 1072
535 1073
326 1074
989 1075
920 1076
491 1077
531 1078
725 1079
237 1080
1042 1081
991 1082
555 1083
894 1084
10 1085
81 1086
643 1087
886 1088
523 1089
467 1090
461 1091
554 1092
41 1093
693 1094
516 1095
37 1096
221 1097
795 1098
903 1099
822 1100
1018 1101
1039 1102
971 1103
909 1104
181 1105
22 1106
600 1107
821 1108
1009 1109
196 1110
99 1111
37 1112
127 1113
1001 1114
337 1115
398 1116
643 1117
588 1118
3 1119
360 1120
284 1121
924 1122
198 1123
397 1124
710 1125
242 1126
4 1127
261 1128
742 1129
1084 1130
864 1131
1120 1132
1054 1133
73 1134
94 1135
292 1136
555 1137
152 1138
303 1139
308 1140
630 1141
79 1142
315 1143
884 1144
658 1145
568 1146
747 1147
431 1148
935 1149
169 1150
315 1151
15 1152
497 1153
584 1154
583 1155
644 1156
252 1157
71 1158
1000 1159
121 1160
328 1161
971 1162
505 1163
1028 1164
887 1165
854 1166
695 1167
106 1168
817 1169
825 1170
974 1171
1090 1172
1072 1173
470 1174
123 1175
1102 1176
562 1177
733 1178
859 1179
122 1180
1070 1181
901 1182
418 1183
855 1184
111 1185
107 1186
211 1187
935 1188
791 1189
144 1190
1186 1191
225 1192
831 1193
449 1194
860 1195
976 1196
945 1197
628 1198
470 1199
904 1200
864 1201
469 1202
1067 1203
275 1204
18 1205
1066 1206
944 1207
441 1208
142 1209
176 1210
1125 1211
699 1212
1108 1213
469 1214
56 1215
555 1216
952 1217
833 1218
293 1219
194 1220
251 1221
133 1222
616 1223
173 1224
906 1225
1204 1226
136 1227
273 1228
62 1229
1058 1230
119 1231
820 1232
372 1233
852 1234
681 1235
273 1236
815 1237
919 1238
182 1239
461 1240
1085 1241
283 1242
1233 1243
687 1244
191 1245
265 1246
125 1247
131 1248
166 1249
1062 1250
914 1251
779 1252
1204 1253
158 1254
182 1255
815 1256
1097 1257
1227 1258
99 1259
674 1260
424 1261
947 1262
479 1263
1102 1264
863 1265
1044 1266
681 1267
868 1268
960 1269
309 1270
417 1271
669 1272
873 1273
944 1274
815 1275
813 1276
409 1277
549 1278
940 1279
1159 1280
1279 1281
291 1282
639 1283
919 1284
852 1285
1159 1286
692 1287
536 1288
398 1289
686 1290
749 1291
619 1292
1184 1293
957 1294
1245 1295
1089 1296
1136 1297
821 1298
494 1299
1135 1300
1193 1301
329 1302
947 1303
667 1304
56 1305
1177 1306
758 1307
138 1308
623 1309
456 1310
1260 1311
1293 1312
756 1313
867 1314
427 1315
671 1316
291 1317
1238 1318
361 1319
1170 1320
1126 1321
357 1322
756 1323
502 1324
1100 1325
889 1326
482 1327
475 1328
823 1329
378 1330
436 1331
95 1332
344 1333
1046 1334
1006 1335
360 1336
966 1337
1248 1338
84 1339
837 1340
1028 1341
540 1342
1335 1343
558 1344
130 1345
96 1346
1169 1347
943 1348
1091 1349
142 1350
692 1351
1330 1352
1264 1353
786 1354
171 1355
1266 1356
829 1357
699 1358
591 1359
36 1360
521 1361
1110 1362
644 1363
132 1364
949 1365
211 1366
1149 1367
82 1368
376 1369
291 1370
323 1371
349 1372
1304 1373
1370 1374
517 1375
178 1376
378 1377
267 1378
240 1379
691 1380
963 1381
65 1382
526 1383
140 1384
1220 1385
202 1386
105 1387
879 1388
455 1389
1357 1390
304 1391
1247 1392
1028 1393
1306 1394
787 1395
760 1396
192 1397
209 1398
717 1399
1282 1400
1337 1401
906 1402
281 1403
931 1404
1208 1405
944 1406
1044 1407
573 1408
993 1409
1263 1410
47 1411
224 1412
786 1413
650 1414
719 1415
495 1416
267 1417
493 1418
1179 1419
521 1420
931 1421
581 1422
450 1423
1139 1424
860 1425
714 1426
1346 1427
209 1428
390 1429
1122 1430
374 1431
1087 1432
1318 1433
511 1434
764 1435
411 1436
613 1437
1203 1438
656 1439
1252 1440
212 1441
997 1442
28 1443
486 1444
359 1445
814 1446
896 1447
1163 1448
1059 1449
701 1450
658 1451
115 1452
360 1453
789 1454
1272 1455
295 1456
62 1457
1300 1458
1004 1459
486 1460
731 1461
968 1462
1271 1463
617 1464
838 1465
80 1466
439 1467
166 1468
1194 1469
478 1470
1392 1471
427 1472
744 1473
146 1474
37 1475
159 1476
941 1477
792 1478
143 1479
1280 1480
515 1481
877 1482
775 1483
282 1484
10 1485
461 1486
1482 1487
36 1488
1467 1489
1080 1490
1000 1491
174 1492
1324 1493
983 1494
1111 1495
80 1496
801 1497
233 1498
1206 1499
1435 1500
143 1501
1313 1502
540 1503
1385 1504
335 1505
346 1506
1217 1507
146 1508
82 1509
1181 1510
824 1511
1132 1512
1425 1513
1138 1514
1408 1515
102 1516
490 1517
540 1518
1220 1519
559 1520
641 1521
33 1522
596 1523
337 1524
721 1525
1261 1526
536 1527
655 1528
244 1529
840 1530
554 1531
314 1532
958 1533
490 1534
1007 1535
1291 1536
1122 1537
487 1538
719 1539
288 1540
573 1541
1374 1542
592 1543
1369 1544
393 1545
1111 1546
1114 1547
162 1548
343 1549
988 1550
152 1551
1182 1552
122 1553
47 1554
1364 1555
1188 1556
1078 1557
1386 1558
1391 1559
1054 1560
795 1561
275 1562
1522 1563
712 1564
1379 1565
1149 1566
93 1567
1391 1568
469 1569
76 1570
603 1571
432 1572
1190 1573
250 1574
620 1575
1166 1576
1044 1577
669 1578
456 1579
339 1580
399 1581
575 1582
1230 1583
105 1584
307 1585
1204 1586
230 1587
1501 1588
1442 1589
768 1590
1421 1591
286 1592
1498 1593
1388 1594
696 1595
1444 1596
1016 1597
97 1598
1393 1599
474 1600
1043 1601
1144 1602
1118 1603
240 1604
838 1605
953 1606
1585 1607
348 1608
827 1609
321 1610
1198 1611
1183 1612
772 1613
316 1614
1511 1615
378 1616
234 1617
1616 1618
552 1619
1350 1620
1539 1621
968 1622
698 1623
192 1624
1036 1625
78 1626
936 1627
1140 1628
1468 1629
1236 1630
982 1631
1309 1632
1350 1633
1361 1634
1349 1635
439 1636
365 1637
859 1638
780 1639
197 1640
1552 1641
203 1642
582 1643
946 1644
1235 1645
76 1646
715 1647
157 1648
568 1649
833 1650
1182 1651
1149 1652
1299 1653
699 1654
731 1655
710 1656
1145 1657
769 1658
1421 1659
748 1660
1587 1661
75 1662
237 1663
1439 1664
126 1665
1028 1666
1460 1667
1133 1668
331 1669
933 1670
1098 1671
1614 1672
508 1673
836 1674
517 1675
1638 1676
1241 1677
684 1678
1042 1679
1020 1680
1224 1681
769 1682
220 1683
1017 1684
490 1685
1502 1686
514 1687
1620 1688
670 1689
1659 1690
1093 1691
277 1692
513 1693
20 1694
1218 1695
1602 1696
1045 1697
1185 1698
543 1699
367 1700
594 1701
1679 1702
372 1703
379 1704
1170 1705
1677 1706
585 1707
1191 1708
1181 1709
1643 1710
811 1711
502 1712
496 1713
105 1714
1326 1715
561 1716
1474 1717
1153 1718
1062 1719
52 1720
1641 1721
486 1722
1493 1723
184 1724
1464 1725
265 1726
433 1727
1139 1728
160 1729
659 1730
473 1731
954 1732
123 1733
1155 1734
1579 1735
302 1736
1493 1737
1143 1738
645 1739
1470 1740
1728 1741
788 1742
543 1743
1438 1744
774 1745
1741 1746
1634 1747
1082 1748
297 1749
953 1750
99 1751
200 1752
574 1753
393 1754
404 1755
885 1756
156 1757
1491 1758
228 1759
1 1760
356 1761
998 1762
594 1763
619 1764
1628 1765
1680 1766
1193 1767
797 1768
1039 1769
1726 1770
1683 1771
586 1772
406 1773
640 1774
116 1775
609 1776
276 1777
1108 1778
924 1779
289 1780
1275 1781
1061 1782
395 1783
1183 1784
176 1785
906 1786
1445 1787
1335 1788
1543 1789
915 1790
999 1791
1698 1792
1030 1793
1227 1794
15 1795
1632 1796
1095 1797
1761 1798
242 1799
124 1800
911 1801
1310 1802
9 1803
221 1804
675 1805
425 1806
1575 1807
183 1808
1318 1809
964 1810
975 1811
960 1812
721 1813
85 1814
1544 1815
846 1816
1613 1817
953 1818
588 1819
1733 1820
1423 1821
1021 1822
34 1823
1806 1824
12 1825
1232 1826
1530 1827
573 1828
1764 1829
578 1830
1605 1831
1615 1832
1689 1833
973 1834
1685 1835
206 1836
49 1837
1814 1838
1682 1839
753 1840
313 1841
104 1842
1247 1843
1254 1844
73 1845
670 1846
157 1847
1310 1848
1064 1849
1564 1850
1685 1851
1742 1852
1444 1853
1541 1854
861 1855
298 1856
699 1857
528 1858
1340 1859
669 1860
1575 1861
247 1862
657 1863
1712 1864
483 1865
1388 1866
426 1867
274 1868
502 1869
1133 1870
426 1871
1774 1872
1247 1873
1047 1874
546 1875
1570 1876
1812 1877
213 1878
813 1879
1667 1880
1015 1881
936 1882
16 1883
1537 1884
1106 1885
113 1886
591 1887
1494 1888
1853 1889
592 1890
1180 1891
339 1892
66 1893
558 1894
191 1895
482 1896
481 1897
326 1898
744 1899
336 1900
417 1901
1212 1902
1663 1903
1620 1904
827 1905
1696 1906
1705 1907
91 1908
328 1909
379 1910
567 1911
928 1912
1343 1913
129 1914
1867 1915
1405 1916
1825 1917
510 1918
437 1919
1175 1920
549 1921
23 1922
439 1923
949 1924
659 1925
559 1926
362 1927
1093 1928
633 1929
633 1930
1930 1931
499 1932
1141 1933
792 1934
1925 1935
498 1936
1576 1937
1305 1938
1911 1939
1583 1940
1393 1941
793 1942
1672 1943
848 1944
1323 1945
71 1946
1666 1947
147 1948
622 1949
1919 1950
970 1951
1540 1952
457 1953
668 1954
432 1955
1603 1956
268 1957
326 1958
58 1959
1534 1960
1470 1961
239 1962
1953 1963
60 1964
112 1965
949 1966
1756 1967
1956 1968
1840 1969
624 1970
777 1971
1375 1972
73 1973
1199 1974
855 1975
349 1976
1046 1977
1502 1978
1343 1979
870 1980
1193 1981
92 1982
246 1983
30 1984
872 1985
970 1986
663 1987
565 1988
1360 1989
356 1990
848 1991
1590 1992
1320 1993
1339 1994
1559 1995
524 1996
574 1997
473 1998
1990 1999
1389 2000
2000
max 588 576
add 123 -5843
max 583 143
max 9 441
add 1171 7406
add 720 1620
max 318 1136
max 895 1236
max 832 364
add 1848 5451
max 1550 1448
max 1749 1224
max 772 933
add 1257 5345
max 1724 890
add 1495 4886
add 1393 2500
max 1402 1366
max 757 475
add 1776 -6305
max 865 492
add 1941 3756
add 1898 8097
add 1564 -3978
add 900 3519
max 1393 149
add 1777 -7124
add 1798 5193
add 9 -5626
max 304 631
add 1187 -6275
add 426 5158
add 400 -4579
max 261 1057
max 54 1854
add 582 -445
max 1049 746
max 471 1632
max 264 1548
add 1371 -1799
add 583 1579
max 30 1502
max 931 1582
max 363 152
add 1171 -1546
add 1094 -1985
max 1862 1967
add 1879 3086
max 1053 27
add 1711 -6568
add 1773 -6699
add 880 5608
add 1037 6202
max 1124 89
max 510 1597
add 763 8123
max 1880 156
max 723 1432
add 972 6579
max 528 657
max 217 348
add 585 257
max 1558 601
max 1514 1534
add 911 6162
max 1807 1109
add 174 -2463
max 56 1225
max 1409 834
add 558 -6429
max 115 1915
add 1736 1859
max 695 461
add 344 842
add 122 5711
max 1613 810
max 1484 1546
max 435 939
max 482 841
max 119 1176
max 275 688
max 1589 1821
max 1806 735
max 47 1904
max 851 976
max 343 1071
max 1143 116
add 1178 8734
add 1875 7580
max 697 1007
add 44 2272
add 1639 -8025
max 1376 1987
add 1306 -9463
add 784 -4505
max 884 1083
add 1152 -7401
add 952 6377
max 1791 1596
max 1662 232
add 607 -5621
max 25 1358
max 54 1474
max 504 1084
max 583 1858
add 42 -5363
add 688 2786
add 95 1622
max 1631 1155
max 1220 718
add 1140 5913
max 640 145
max 84 430
add 1806 3387
max 288 1198
add 1569 363
max 2000 1448
add 489 7205
max 245 1573
max 1431 1320
add 989 -8371
max 1133 559
add 1682 -5438
max 410 1246
max 1686 1709
add 868 -1895
max 1655 336
max 164 1980
max 40 60
add 524 3748
max 1178 738
add 1043 -9502
add 5 4382
max 176 1134
max 1293 671
max 954 1354
max 129 1874
max 1772 1301
add 1456 -2379
max 935 1848
max 489 786
max 159 775
add 262 -6128
max 1336 390
max 1345 999
add 1896 -6033
add 577 5943
max 538 147
max 1758 1943
max 904 382
add 1295 3788
max 1656 688
add 218 5565
add 257 -62
add 1488 4190
max 1833 1527
add 708 3414
add 1926 -7362
max 1546 1358
add 308 3879
add 1642 1959
add 466 6325
max 1894 1065
add 1430 -4499
max 941 54
add 233 -7720
add 1475 40
max 1590 1705
max 969 1487
max 663 375
max 1822 28
add 228 -159
add 159 -9065
add 762 7761
max 273 1220
max 804 1255
add 517 2304
add 1475 5113
add 1545 -4292
add 1806 4672
max 1173 216
add 1514 7143
max 510 306
max 1050 1512
add 384 -9152
add 308 760
max 990 64
add 567 8585
max 1586 443
max 1392 664
add 1304 -1802
add 1762 -6009
add 1090 -9203
add 1713 -9431
max 532 1466
add 1514 8096
max 805 1124
max 1723 1821
max 366 378
max 613 381
max 1901 1042
max 476 1920
add 764 -7219
max 1583 1468
max 552 462
add 1618 -7571
add 992 2286
max 1457 993
add 1240 6411
max 1971 1514
max 309 1986
max 1358 1246
add 880 -1801
max 1784 168
add 1970 -9863
add 1800 4618
max 806 816
add 316 7129
max 1916 1967
max 497 161
max 280 372
max 1446 781
add 559 3954
add 609 -379
max 1946 1853
add 212 9010
max 1283 911
max 111 302
max 1636 21
max 7 606
max 1778 625
add 994 6544
max 1625 1082
add 1986 5638
add 1508 6022
add 1296 -5149
add 1699 7857
max 357 1090
add 500 8010
max 296 1529
add 648 -7419
add 521 6168
add 1477 -1476
add 765 -7513
add 520 -7307
max 1506 232
max 1350 1231
add 1388 4632
max 985 1271
add 912 9388
max 1939 689
add 663 -8842
max 1176 978
max 1378 30
max 1861 1752
add 522 1439
max 1365 1778
max 1006 1012
max 656 976
add 1540 -7351
add 173 -8026
max 1467 743
max 1022 1461
max 1448 1294
add 102 -9635
max 775 333
max 766 1259
max 1311 720
max 438 1993
max 849 9
max 934 320
add 633 -306
add 11 2811
add 1459 -6793
add 1575 -5336
add 1803 814
add 1440 9514
add 596 -5552
add 1314 1867
max 254 1671
add 957 6368
max 1401 1323
add 1200 -4429
max 1418 1342
max 436 889
add 1874 107
max 293 194
max 190 1014
max 1604 199
add 1551 -8012
max 1044 1366
max 812 1767
add 1639 2004
add 758 -1878
max 1332 704
max 28 1465
add 206 -1271
max 417 189
max 686 1303
add 46 3397
add 1253 4388
max 1529 1718
max 724 327
max 1662 1080
max 843 891
add 629 2311
add 1545 -2548
add 1239 -1928
add 1458 -8485
add 1762 -9218
add 1145 -772
add 536 3901
add 724 323
max 992 1459
add 1344 3748
add 1453 5133
max 1542 122
add 470 -3270
add 1577 3213
add 1155 -5602
add 416 2680
add 828 5475
max 1187 1865
add 1707 4038
add 703 9331
add 758 -8854
add 441 2738
add 843 8502
add 1370 8011
max 1503 1844
add 1081 -164
max 565 1971
add 1588 4040
max 1956 206
add 415 8401
add 2000 2159
add 1391 1043
max 1483 904
add 1185 4261
max 433 1028
max 525 857
max 708 949
max 1905 988
add 733 -8864
add 526 -3436
max 329 234
add 231 3244
max 1133 1305
add 680 6164
add 1127 2679
max 721 591
add 1225 1349
add 803 710
max 764 1161
max 1929 1928
add 1601 -1618
max 986 70
add 856 -3232
max 928 870
max 1422 1238
add 1321 9789
max 243 684
max 1542 1153
add 988 6288
add 1034 8832
add 1504 3232
add 1751 -6015
max 20 1024
add 575 4217
max 1794 201
max 792 1358
add 546 1793
max 1080 970
max 1831 499
add 1658 7190
max 809 1427
max 653 118
add 1612 -2559
add 708 5268
add 802 1922
add 1259 -3022
max 1195 164
add 1911 -2916
add 1788 5232
add 1308 3762
max 149 136
max 1699 595
max 1051 135
add 1069 -5409
add 372 -8431
add 1397 -9590
add 1593 3011
max 901 1513
add 540 -2931
add 415 3864
max 1612 645
add 1128 4441
add 1398 2495
max 1292 912
max 1883 1454
max 1124 1004
max 1809 874
add 181 9899
add 250 143
max 1947 1076
add 282 8776
max 336 129
max 198 163
add 1248 4337
max 1196 631
add 1857 -6675
add 1667 15
max 1143 1076
add 1866 12
add 1381 2973
add 557 9223
add 7 952
max 1363 1939
add 1267 4294
add 1683 -2604
add 1297 3644
add 766 -6342
add 1904 -596
max 956 1951
add 1628 5963
max 1712 1785
add 117 5277
add 1291 683
max 2000 791
max 312 837
max 1661 1270
max 279 1067
add 1900 8850
add 1299 -3357
max 177 502
max 1489 1721
add 1250 5711
add 845 8476
max 79 257
max 1663 1640
add 480 487
max 1101 1607
add 357 4898
max 871 1634
add 1591 4384
max 1128 595
max 98 1090
add 1728 -7032
max 1465 1541
max 211 1884
add 1832 1623
max 715 1813
add 1753 162
add 1936 -1765
add 425 -6930
max 1594 1129
max 334 200
add 127 6688
add 490 -1581
add 416 1923
max 453 269
add 890 -3499
add 994 7420
add 1043 -9974
max 957 433
max 1893 965
max 1907 91
add 303 -1866
add 1993 3432
max 770 1044
add 428 -3205
max 794 1167
max 485 559
add 667 6870
max 1593 1155
add 546 4547
max 1781 797
add 247 3540
max 401 1644
add 1415 1775
add 1303 -6108
add 869 4275
add 1799 -2568
add 1767 3586
max 505 961
add 1616 6395
add 1282 3063
max 565 1079
add 505 -8885
max 1587 1741
add 909 -8450
add 1421 -4903
add 1019 8317
add 31 -9279
add 1072 -472
max 1600 953
max 750 1077
max 1649 688
add 15 -1343
add 211 2276
max 17 171
max 556 1443
max 1915 1587
add 284 3587
add 1732 7659
add 200 5719
add 1270 -9297
add 1597 -9559
max 149 238
max 1022 1929
max 564 328
add 199 2931
max 891 1331
add 1618 -4871
add 1184 9539
max 434 1147
add 1132 -7129
add 1037 9479
max 1085 877
max 385 386
add 546 -751
max 1987 309
add 913 -6473
max 1643 186
add 1350 854
max 261 597
add 674 -6702
add 1949 5619
add 105 3133
add 1791 -3906
max 32 412
add 1759 -6601
add 746 3423
add 1776 5220
max 976 1086
max 593 1568
max 145 1787
max 1114 1326
max 744 704
max 1612 897
max 1064 1897
add 366 -9297
add 1244 -2129
max 1250 1530
max 1798 1966
max 444 1780
add 1649 7177
max 581 561
max 1993 1762
add 1077 2588
max 146 1105
add 470 -7325
add 1754 715
max 1170 28
add 1157 9510
add 1694 6706
add 473 9815
add 1506 -9554
add 1038 -6851
max 1121 455
max 1847 1460
max 1129 1753
max 1658 877
add 1194 903
max 264 436
add 1120 5621
add 153 5344
add 877 -7377
max 1010 938
add 1886 742
add 758 -5198
max 244 163
add 1335 1992
add 680 9083
max 1387 1553
add 278 -6391
max 1068 569
max 1151 1053
max 1433 1509
add 191 -9859
max 195 288
max 332 938
max 297 882
max 1183 1434
max 1237 1531
add 71 1311
add 547 -6555
max 598 827
max 15 1834
add 1178 1983
add 1946 -9634
max 1270 548
max 782 1333
add 1282 7501
add 224 -3185
add 662 2232
max 741 1563
max 1760 1578
add 56 -6177
max 60 924
add 940 -354
add 722 2083
add 1674 3043
max 1600 418
add 1794 -2845
max 295 917
add 1208 -8799
max 59 1805
add 845 7381
add 1199 4592
max 1721 1955
add 1741 9181
max 1556 183
add 966 -3505
add 1251 4888
add 426 8457
max 383 46
max 1694 1643
add 1313 3996
max 367 1791
add 1490 9659
add 1220 8336
max 1324 782
max 806 1628
max 106 1664
max 139 1550
add 1109 -5264
add 497 7028
add 545 2217
max 1437 1310
add 1291 6814
max 869 57
max 18 276
add 1913 9610
add 1189 7348
add 833 2734
max 651 1211
add 776 2420
max 1722 1508
add 1958 461
add 1191 -2290
max 1137 1579
max 894 116
add 573 -2353
add 752 -1661
add 627 1614
add 420 -2920
max 857 210
add 1646 -9835
max 152 442
add 816 -3256
max 1004 1284
max 134 1254
max 853 1813
max 283 1388
max 563 1705
max 813 965
add 1046 -9984
add 262 -9422
add 1032 512
add 57 1960
add 1198 8342
max 1524 1545
add 1285 -7213
max 58 379
max 810 263
max 122 1937
add 927 -5563
max 107 1953
max 1968 601
max 1617 1516
max 600 1678
max 481 1637
max 911 588
max 936 24
add 1174 -223
add 1895 1216
add 472 4012
max 1326 508
add 76 1450
max 1607 564
max 30 201
max 4 1316
add 1276 -803
max 1697 1510
max 678 676
max 558 520
max 1545 658
add 973 2254
add 168 7137
max 1797 871
max 1414 643
add 1679 -7397
add 363 219
max 712 1777
max 368 424
max 1121 952
max 750 663
max 292 866
add 30 -1131
add 384 4127
max 989 12
max 1625 1958
add 1260 -9340
add 625 -9523
max 602 1866
max 1748 363
add 1180 2991
max 688 432
add 719 -3965
max 1225 220
add 1293 8264
max 1906 1337
add 367 8492
max 1921 1678
max 986 1308
add 413 -8194
add 1219 -2106
add 70 -6767
add 1382 -1414
max 801 1620
add 480 -891
add 380 9582
max 1657 1020
max 1487 960
max 1464 1384
max 1729 451
add 66 -9403
add 1684 3613
add 693 -3176
add 1714 -8505
add 1721 -7431
add 1569 -6533
add 1511 5315
max 1392 1250
max 888 24
max 539 1122
add 1353 -7248
max 1457 1063
add 1185 6300
max 28 718
max 209 1111
add 91 -3137
max 659 505
max 743 1174
max 1812 258
add 1015 1872
max 1408 22
max 761 1482
max 1538 883
add 1511 -9367
add 1505 7109
add 1450 9160
add 537 -2041
add 1476 8725
add 829 -8120
add 956 -7228
add 1624 -9003
max 1713 1015
max 1597 1420
add 1864 8174
max 1270 1133
max 68 1180
max 367 1449
max 1264 1885
add 1780 -5400
add 824 9620
add 956 -4862
add 220 7709
add 144 7708
max 277 1750
max 1153 1014
add 1875 3671
max 1702 187
add 201 -5578
add 65 -2043
add 1414 -7018
add 1686 -7650
max 1871 855
add 1606 -7790
max 1792 459
max 978 1984
add 1716 733
add 259 7221
max 684 1319
add 1586 3440
max 1028 762
max 7 616
add 15 -2369
max 613 933
max 1140 380
max 1758 819
add 48 6035
add 326 7993
add 934 -4147
add 1408 -7748
add 691 8269
add 1936 2823
max 162 419
add 650 -8221
max 803 589
add 757 5605
max 235 847
max 176 794
max 849 1799
add 1647 -703
add 1421 -6261
add 1300 8116
add 657 364
max 601 418
add 657 700
add 1200 5604
max 1328 461
max 835 1483
add 649 -99
max 341 437
max 23 1985
add 1720 -628
add 791 3443
add 675 5779
max 586 1086
max 1212 79
add 3 8575
add 1383 -8084
add 671 -4840
add 1876 -2088
add 1552 -7772
max 888 1258
add 1091 4605
add 1006 -1511
add 768 2936
add 1624 6359
max 889 235
add 1733 9666
max 536 1516
add 1298 2087
max 391 391
add 553 7296
add 1802 -6800
max 1235 1595
max 875 589
max 26 354
add 1869 5275
max 82 1500
add 796 -9381
add 996 -6861
add 670 -5555
max 1995 180
add 744 9196
max 464 946
max 1772 20
add 1920 -8520
add 1735 -7874
add 359 -5376
max 474 599
add 554 3539
max 531 1707
max 129 939
max 1611 729
max 1488 195
max 981 857
max 1616 56
max 344 1760
add 1129 2100
max 1066 1593
add 467 -1408
max 158 1725
max 1088 206
add 690 -3544
max 891 1751
add 1197 7291
max 1817 234
max 1863 1067
add 1233 -2598
max 1978 782
add 1890 3947
add 850 -4953
add 1966 -7321
max 400 761
max 1528 772
max 18 1042
add 616 -2903
max 1852 975
max 1218 380
max 1080 1002
add 53 -8763
max 1871 1332
max 69 198
add 1879 -9487
add 530 7912
add 1537 -9502
add 1287 4109
add 1796 7499
max 76 1734
max 1262 1364
add 923 -9549
add 443 -4838
max 1686 204
max 519 1057
max 1279 1512
add 537 6389
max 1221 1178
max 1819 998
max 1139 736
max 1904 1041
max 1277 475
max 1735 1365
add 1644 -8108
max 364 269
max 1617 797
add 861 4957
add 1559 -5635
max 539 1131
add 928 -1989
add 47 -6052
max 1127 1172
max 679 1274
add 616 4642
max 1191 919
max 251 945
add 1611 9197
max 354 1461
max 892 57
add 1637 689
max 459 1658
add 241 -988
add 1549 -6787
add 433 1375
max 572 1098
max 142 522
add 1573 6481
max 937 633
add 1692 6624
add 642 -4819
max 1184 778
add 1669 4608
max 1521 1748
max 1316 42
add 1736 -1867
max 917 1436
max 1877 1197
add 141 4491
add 1852 -4111
max 86 918
add 624 9902
add 709 8150
add 387 -3768
add 689 -3585
add 793 -2000
max 1813 308
add 778 -5793
add 1477 414
max 123 236
add 98 7193
max 177 314
add 843 5201
add 1572 7692
max 896 1112
add 680 9677
add 320 4749
max 1876 656
add 335 1165
max 1249 1922
add 868 6603
max 31 79
max 52 96
max 596 1566
max 285 1615
max 1011 1949
add 756 1162
add 1745 -8938
max 1958 1786
add 858 -4601
add 237 230
max 1948 1472
max 1807 94
add 884 7355
max 1981 1706
add 834 -4966
add 1690 5194
add 1704 1100
add 606 1114
max 1665 1396
max 594 1821
add 836 -7551
max 809 1130
add 1184 -564
max 1883 637
max 179 405
max 1705 708
max 984 745
add 252 -8694
max 1020 693
add 893 2752
max 121 382
max 997 1302
add 1839 1453
max 98 870
add 562 -645
max 20 1208
add 1259 -8634
add 1374 9301
add 313 8076
max 486 1270
add 267 8199
max 601 1896
max 1925 1219
add 657 -2566
max 1574 385
max 1724 570
add 172 -8455
max 636 198
add 1277 -4646
max 1404 696
add 246 3258
add 5 -1753
max 1484 1762
add 1726 6354
max 777 1072
add 1071 -2201
add 1593 9888
add 738 2279
max 698 628
add 897 2023
max 160 63
max 1669 662
max 169 912
max 732 1896
add 324 -3574
add 110 7367
max 1991 1530
add 1779 3809
add 1790 966
max 1450 219
max 776 242
add 321 -9236
max 210 694
max 1546 121
max 1655 604
max 1344 189
max 516 685
add 1184 -3393
add 834 7385
max 338 214
add 561 -9975
add 917 -9726
add 1969 -5734
max 1654 1805
add 864 7939
max 438 771
max 1352 1286
add 527 -8778
add 225 -8194
add 1452 -5695
max 1962 1409
add 1098 9048
max 127 709
max 1155 1789
add 592 -9682
max 1120 1169
max 1090 1149
max 1344 975
add 227 -1805
max 1116 505
max 1405 751
max 1485 1414
max 1894 1918
max 1414 160
add 1896 7264
add 731 -2138
max 1614 1591
add 660 -1666
add 899 -6793
max 482 1873
max 688 1863
max 947 243
add 985 4169
add 663 7049
max 1042 1653
add 1585 -9813
add 701 9413
add 1937 -5447
add 1498 182
max 1629 484
add 1169 5046
add 357 9680
max 1655 962
add 984 9578
max 118 1995
add 1982 8531
max 1990 982
max 345 1809
add 1749 2095
add 629 1581
add 1482 -9623
max 1959 1657
max 1462 1897
max 1739 52
max 1970 1738
max 627 892
add 1521 5996
add 1504 5089
add 1680 4544
max 195 1189
add 934 -7871
add 1234 -5727
max 885 1222
max 1956 258
max 515 1229
max 315 692
add 205 -3153
add 1775 -2786
max 987 221
add 880 -2826
max 654 137
max 1473 363
add 1065 5798
add 1819 807
max 1812 1853
max 3 1577
max 921 443
add 202 364
max 992 993
max 1386 497
max 542 607
max 777 1474
add 1097 -5069
max 251 370
add 1852 -4238
max 1465 1700
max 479 1179
add 1168 -9079
add 370 4456
max 79 1211
add 640 1557
max 1418 484
add 635 -9160
max 1096 1382
add 920 4371
max 1493 1929
max 187 27
add 1377 3961
max 163 954
add 168 -8940
max 1701 1631
max 1835 470
max 1413 760
add 1424 6125
max 1420 668
add 311 7020
max 837 334
max 571 761
add 444 2971
add 1498 -2090
add 944 -8415
add 1054 6381
add 622 2020
add 611 5367
add 1965 4765
add 507 6367
max 1310 262
add 1036 4045
add 1113 -9960
add 135 4265
add 576 -2665
max 884 416
max 1487 765
add 1760 -6365
add 1653 4819
max 230 1470
max 1893 633
add 1466 8993
max 873 857
add 646 5727
max 462 416
max 513 332
add 1711 9312
max 280 824
add 1870 3828
add 146 -1291
add 844 -4347
max 1687 48
max 507 1713
max 259 1904
add 1611 8857
max 192 1257
max 1238 1214
add 133 8566
max 355 767
max 973 1320
add 995 -2069
add 310 -1632
max 1715 1563
add 39 3738
max 320 344
max 935 607
max 627 1161
add 1892 3815
add 1967 -4259
add 1285 7112
add 1662 -560
add 1607 -9960
max 342 160
max 1473 314
add 43 8814
max 243 928
add 1879 -6956
max 1509 292
max 1898 374
max 1789 1691
max 562 1954
add 1972 3630
add 1159 7339
max 1504 674
add 1712 -4131
add 724 -1419
add 1110 -4361
add 1064 7926
max 548 89
max 587 970
add 1012 8834
add 1241 -4304
max 253 843
max 1102 1838
max 126 1244
add 257 1274
max 63 1059
add 1523 -1494
max 65 1464
add 76 -2415
max 1124 1989
max 1296 460
add 196 2410
add 1134 -6854
add 1537 -3709
max 382 1040
max 479 459
add 1908 140
add 69 -7240
max 736 1156
add 1695 -5756
max 1747 1662
max 827 1430
add 1985 625
max 1078 1715
max 1551 832
add 1339 -8496
max 373 1502
add 680 -4774
add 63 -542
max 1017 1142
max 591 890
add 1733 4951
add 34 8673
add 596 -3627
add 949 7550
add 50 -1778
add 1666 840
add 1874 9065
add 237 8708
max 1218 915
add 40 3434
max 1087 1968
add 550 -2919
add 871 3010
max 1908 1465
add 830 -3666
add 1615 -6578
add 1139 -3295
max 753 1327
add 734 -8906
add 173 9671
add 1192 -2448
max 1113 1461
max 1377 840
max 1785 1383
add 969 2502
add 1435 -5976
max 1688 578
add 133 -5430
max 1658 1997
max 1897 897
add 110 6227
max 157 1199
max 1752 1938
max 163 1261
add 56 6728
max 1266 502
add 1155 -2743
max 1327 909
max 1296 1497
add 1952 -899
max 1144 765
add 164 -721
max 1854 840
add 766 140
max 1386 903
max 1964 233
max 1128 1385
add 1623 5014
add 1147 -4424
max 1987 857
max 1117 505
add 375 128
max 139 923
max 663 277
max 172 880
max 1497 357
add 1456 6024
add 1064 -127
add 736 2543
add 1136 6458
max 1935 382
add 574 -2278
max 1584 1232
add 420 -8754
max 163 676
add 144 3243
add 421 5217
max 221 1956
max 587 856
max 1301 351
add 318 8741
max 1786 1716
add 813 5028
add 853 6133
add 987 -6622
max 1231 1053
add 349 -2061
add 1424 9409
add 706 -2558
max 427 126
add 1516 -3262
max 1903 1792
add 1128 -7079
max 1789 1617
add 1394 8247
add 1706 -1129
max 948 292
max 167 819
add 1519 -5971
max 426 62
max 805 781
max 1445 1300
max 1525 876
add 240 -5092
add 1952 4484
max 2000 396
add 1505 9423
max 1119 1155
max 1762 14
max 1839 1443
add 911 -4664
max 174 682
max 1126 581
add 778 -5077
add 411 6965
add 766 9613
max 1870 1576
add 1584 5146
add 927 9364
max 1929 1317
max 1923 1312
max 782 1170
max 1414 733
add 941 4390
add 1760 7446
max 1408 552
max 1421 1510
max 1957 201
max 1640 296
max 537 570
max 390 646
add 1206 -1360
max 398 1474
max 268 686
max 799 481
max 614 1023
add 1284 -8372
max 1164 759
max 1785 1741
add 788 1719
max 1048 600
max 1809 377
max 777 94
max 476 824
add 1451 4387
add 1039 223
add 665 3858
max 786 264
max 625 431
max 994 394
max 1505 1270
add 1644 -5451
add 1939 3710
add 761 -2654
add 755 -65
add 1791 -2099
max 79 34
add 288 7394
add 1898 -6070
add 1932 7183
max 201 1328
add 151 -9073
max 1523 538
add 486 4379
add 64 -794
max 402 1748
max 515 229
add 235 -7820
add 504 2374
add 613 6065
max 150 1680
max 508 582
add 550 -8843
add 195 -4066
add 1249 6433
max 1861 1223
add 1109 181
max 32 296
add 388 4524
add 1493 8617
max 268 212
add 1356 5302
max 1569 224
max 525 1252
max 1393 1869
add 1145 6748
add 879 -6557
max 1444 1959
max 1115 1234
max 1375 743
add 1282 3431
add 201 -3609
max 508 1073
add 334 -3771
max 382 1633
max 1366 1539
add 849 -7746
max 512 1419
max 210 85
add 551 -5560
add 868 -9352
add 1399 117
add 1198 2829
add 1764 -666
max 245 1405
max 1106 1015
max 810 1732
max 334 698
max 70 1140
max 991 543
add 1418 1110
add 208 -1576
max 837 1878
add 1511 6587
max 820 252
max 1558 1815
add 621 6221
add 1496 -146
max 1471 1563
max 1553 1392
add 272 5088
add 864 4322
add 969 -2768
add 1707 -126
add 1942 -340
add 1395 2867
max 337 625
add 1885 -6766
add 500 2475
max 686 1103
add 879 -1335
add 930 4668
max 660 1018
max 1425 1696
max 917 70
max 729 1121
max 655 1469
add 780 8630
add 1962 4465
max 95 1330
max 919 1628
max 1946 1256
max 1076 266
max 595 1899
add 1778 4676
max 1045 234
add 747 8
add 1893 -2792
add 857 -5031
max 1228 1731
max 396 662
max 87 1278
max 1073 1057
max 1089 289
max 1138 158
add 1910 -4467
max 1271 311
add 252 -4979
add 1831 8710
add 76 9588
add 444 7500
add 1818 5151
add 1504 1081
max 297 1611
max 1904 5
add 1245 735
add 1082 3373
add 1947 2688
add 435 8844
add 303 9062
add 1082 -2897
add 1970 -781
add 263 4076
max 1949 1309
max 1310 541
add 1268 6439
add 1895 -5325
max 1403 1241
max 917 88
max 1330 72
max 1994 884
max 1313 1107
add 1261 5
max 1012 694
max 1728 1106
max 1394 204
max 326 1916
add 1115 -8554
max 1735 1545
add 1494 1675
add 872 6959
add 992 7593
add 975 -3805
max 653 857
max 1146 1467
max 1326 1168
max 1767 261
add 413 1131
add 1491 -867
add 1299 -3205
add 265 7506
add 1691 3069
max 43 67
add 490 -2568
max 1220 1609
add 217 -3433
add 567 6584
add 1034 8710
max 1566 874
max 1780 342
add 187 1299
add 694 -6098
max 1460 148
max 1451 341
max 708 949
max 1513 1195
add 94 -698
add 100 5510
max 1574 108
max 655 291
add 219 2069
add 977 4235
max 1705 490
add 575 545
add 288 5856
add 1494 -5946
add 746 4334
add 368 -2313
add 10 4462
add 109 -4498
add 1155 4554
add 1045 -4739
add 1804 4505
add 1744 2369
max 1045 1171
max 776 279
add 1202 7345
add 732 -9143
max 1801 1858
max 1856 1037
max 1138 1947
add 1732 -8517
max 1165 1736
max 214 1330
max 741 617
add 1613 7957
add 1758 -9577
max 1785 1363
add 1284 -9325
max 372 1665
add 1964 9092
max 1021 263
max 534 246
add 1117 3023
add 1420 -810
max 1451 1959
max 1705 1955
max 417 1119
max 921 196
add 1296 4786
max 1807 678
add 1387 -6037
max 189 1864
add 1074 -1008
max 376 1238
max 287 218
max 408 576
max 609 1170
max 470 372
max 287 1742
add 1311 -9455
add 108 -9022
max 1279 646
max 723 775
max 1063 1637
add 1742 -1048
add 1245 -6282
add 1771 231
add 656 9248
max 886 584
max 1490 890
add 1562 5286
add 1741 2458
max 695 1024
add 540 2874
max 1402 1181
add 1333 7191
add 940 3511
add 57 2623
add 525 8913
add 1182 -5240
add 676 -9153
max 1939 1810
add 293 2630
add 1053 3828
add 1907 8251
max 879 1242
add 1618 -3744
max 421 1338
add 420 516
max 1340 232
add 855 8656
add 1424 -5291
max 1004 259
max 1769 1957
max 923 860
add 1125 2679
max 21 439
max 1176 398
add 229 -8337
add 1309 -5991
max 532 1049
add 806 9287
max 1372 1787
max 259 1829
add 720 -2984
add 1100 -507
max 61 1976
max 632 550
add 438 -9724
max 181 329
add 453 7270
add 1444 -1757
add 1517 9934
add 118 -2098
max 1846 799
max 246 1810
add 1377 7378
add 216 -1411
add 172 8357
max 857 1471
max 1374 1813
add 83 -4007
max 818 306
max 147 1664
max 903 1808
add 1106 8967
add 769 5999
add 678 -8858
add 592 7291
add 550 -6281
add 669 -5995
add 1666 -5647
max 1001 1431
add 688 -6894
add 143 9051
max 1791 754
add 145 -5496
max 1582 1580
max 741 1551
add 1442 -8862
max 434 128
max 624 1849
max 1317 341
add 1682 -8017
add 589 -5321
max 1474 8
add 372 2411
add 79 7892
max 1314 11
max 198 1588
max 1715 77
max 1715 1749
add 815 -4962
max 412 419
add 735 -9610
add 1342 5336
max 548 909
add 1475 9227
add 26 -6741
add 939 9569
add 1475 7764
add 1185 -7491
add 1720 -345
add 1272 -1651
max 1549 1400
add 882 -1587
max 1472 1551
max 1315 562
add 1588 -7051
max 497 310
add 90 -6099
max 435 822
max 602 186
add 1359 1372
add 1894 6816
add 1799 -5482
add 819 -1095
max 384 1048
max 1283 1615
max 316 348
max 45 776
add 1584 -2092
add 206 -1608
max 552 1548
max 1648 1417
add 445 3174
add 1839 589
add 25 -7325
add 1635 2223
add 261 9272
add 1810 -7732
max 1049 1289
add 745 -6551
max 1866 25
add 853 -8167
add 1634 9336
add 1416 7567
add 586 -8697
max 369 966
max 453 636
max 381 754
max 352 47
max 1275 1295
max 1184 1217
max 491 344
max 24 927
add 520 6985
max 1408 114
max 631 984
add 1049 -2842
max 1856 1917
add 139 -8034
add 216 -8808
add 1045 -8153
add 568 -7743
add 112 -3677
add 1198 -3378
add 1010 4358
max 911 1988
add 1763 -9345
max 878 875
max 922 608
max 1325 1892
add 1565 -2306
max 1201 48
add 1401 -3670
add 145 -1186
max 1667 493
max 1567 1085
add 1097 789
add 1327 9027
max 817 1117
max 120 1397
max 1724 1660
max 1486 1079
max 438 373
add 1025 -7923
add 1812 -7820
add 1617 1655
max 1159 1399
max 674 881
max 903 66
add 1782 7764
max 1783 1533
max 814 835
max 1643 990
add 1048 4861
add 1518 -1493
add 1853 -6918
add 370 8756
add 1955 -5272
add 1841 -7332
add 1159 -1871
add 393 6564
max 695 11
add 1820 5878
max 988 1060
add 807 5995
max 769 1485
max 81 1361
max 17 1847
add 657 -8320
max 1168 677
add 857 9479
max 113 159
max 708 1184
add 1249 3336
add 272 2261
max 218 971
add 1603 -3705
add 33 -423
add 295 602
max 271 1997
add 117 -6160
max 553 1174
max 1635 1707
max 1 205
add 1058 8196
add 716 9869
add 1840 -137
add 1589 -8818
max 943 656
max 242 757
max 235 649
add 418 -2945
add 1999 2301
max 1384 1127
add 1771 -2242
max 505 1467
add 793 -2440
add 1630 -4020
max 1600 1463
max 488 138
max 739 1234
add 475 3909
max 886 459
add 1658 -2176
max 1657 839
add 1134 7782
add 668 2241
max 1581 123
max 1769 1541
max 173 1237
max 870 1189
max 989 1098
add 809 5133
add 1849 -6006
max 1877 1669
add 1871 -576
max 1564 1002
max 759 1665
add 1761 -2656
max 1092 21
add 964 -5368
add 1009 850
add 495 2512
add 1989 3530
add 326 9580
add 482 1763
add 1602 -9746
add 388 5977
add 483 3356
max 1980 1476
add 248 -725
add 578 603
max 433 254
add 722 9771
add 1715 -754
add 206 -4639
max 1256 1369
add 870 6428
max 286 1904
max 151 1316
max 1602 911
max 937 1165
add 332 3945
add 805 -8648
add 1986 1163
add 907 -7621
max 952 845
max 639 55
max 1857 1924
max 313 1656
add 1399 -7067
max 303 1981
add 434 7702
add 1501 9319
add 1536 8999
add 1943 -5031
max 1513 1907
max 252 965
add 885 -2104
max 1728 1145
max 1215 268
add 469 1135
max 1007 1692
max 1211 389
max 1294 158
add 730 2263
add 462 1261
add 1507 9171
max 728 1610
max 131 533
add 455 -6380
max 1112 1232
add 269 -3694
add 688 2914
add 493 -522
add 706 -7215
add 1563 7593
max 809 639
add 421 1675
max 1461 243
add 1823 4813
max 1877 1713
add 1075 9197
add 60 -6442
max 137 1864
max 1057 1621
add 1555 4826
add 573 373
max 904 1225
max 1971 155
add 1943 2503
max 189 1168
max 591 1671
max 1671 231
add 1693 -8813
max 1647 1423
max 838 765
max 1836 123
add 1460 -6084
add 1781 -9508
max 612 427
add 125 -2028
add 1083 1743
max 363 518
max 1829 360
max 196 1065
max 855 35
add 860 1123
max 1847 1663
max 1119 874
add 657 -5491
add 801 -4687
add 1715 -4360
max 1989 1688
add 395 -3244
max 546 1418
add 837 -1331
max 17 1580
max 1942 1741
add 1355 6563
add 68 -6795
add 974 5480
add 929 -1950
add 842 8870
max 336 1329
max 1247 1612
add 1892 9645
max 1 883
max 1006 1920
add 1139 7128
max 439 97
add 1746 -5313
max 843 603
max 431 1534
max 195 699
add 1127 -5073
max 800 712
add 8 5937
add 471 3284
max 575 251
add 1114 -9068
add 223 1672
add 1160 -8031
add 1482 9311
max 1258 1602
max 872 1887
add 1682 -8853
add 1871 -8561
max 17 1846
max 1324 1669
max 1219 1545
add 2 -5474
add 1430 -6821
max 1297 1050
