
200
180 160 194 60 200 106 191 170 186 59 36 162 53 195 101 50 150 19 141 122 183 13 68 102 40 149 187 165 171 115 72 137 159 14 43 163 85 62 113 15 108 143 16 88 81 28 42 48 55 44 144 193 156 138 181 155 64 111 25 73 2 125 71 93 65 11 29 30 130 128 124 126 166 99 77 5 4 83 47 140 172 173 190 69 135 17 116 104 79 26 90 110 184 91 131 76 10 139 161 24 179 197 153 21 117 120 20 123 178 66 152 94 176 32 18 189 132 74 167 54 182 23 22 6 158 78 67 7 58 133 177 27 70 154 92 192 129 82 35 168 119 51 147 8 97 56 146 39 164 52 188 107 127 1 185 61 148 145 9 157 89 112 118 41 199 75 114 86 121 37 63 34 45 151 98 196 175 46 134 31 142 87 174 105 3 198 49 96 136 38 57 169 103 84 80 12 95 109 33 100 
200
163 34 144 23 123 151 133 142 141 145 169 53 194 79 87 140 121 86 72 63 180 70 187 11 98 20 126 137 57 78 59 61 196 146 56 118 154 43 36 105 26 29 50 181 119 69 37 3 161 103 191 67 186 107 40 85 14 33 71 139 76 138 64 148 164 49 200 193 30 21 197 135 54 80 190 38 32 175 122 77 136 94 52 35 73 182 10 28 39 91 51 68 95 149 157 12 2 120 93 114 27 92 65 108 8 110 24 195 184 47 188 112 189 152 41 19 1 109 198 48 16 153 22 83 170 89 199 62 129 42 128 84 6 104 4 183 173 81 176 31 66 147 106 75 125 177 155 44 45 143 158 131 58 18 88 150 162 115 15 134 113 7 102 179 13 100 96 116 111 185 160 172 130 17 166 165 9 159 55 117 124 156 5 132 74 60 101 90 97 99 171 167 178 168 174 82 192 46 25 127 
200
177 16 119 187 25 115 52 32 110 142 31 34 84 157 43 5 154 55 172 91 166 194 126 122 146 19 40 170 190 173 107 133 42 174 28 2 165 90 60 58 37 20 124 74 121 178 147 108 114 152 109 158 76 171 61 184 145 159 64 4 99 48 103 191 149 82 163 54 179 12 89 67 72 140 181 129 135 143 123 144 199 46 155 111 23 53 65 188 168 44 112 88 7 95 113 116 104 200 195 141 98 97 196 180 117 81 21 197 120 151 161 150 30 182 156 13 198 169 9 33 134 83 69 66 47 106 80 185 71 101 105 57 186 3 183 24 125 87 73 15 49 93 127 139 94 68 128 41 137 136 193 86 35 50 77 92 62 36 10 131 27 164 148 102 79 176 100 96 118 160 192 153 22 63 56 18 6 85 175 75 130 8 26 162 132 138 38 78 11 1 59 39 14 45 70 17 167 29 51 189 
200
50 72 148 9 117 168 154 147 6 65 14 15 125 122 138 156 104 160 34 157 71 194 188 153 126 146 10 29 155 37 91 186 130 3 70 158 145 132 190 13 99 1 139 173 159 161 106 89 83 131 116 162 181 143 16 98 121 42 27 36 47 60 41 30 103 26 129 20 86 196 149 17 21 192 56 18 78 93 200 114 144 45 90 183 118 82 61 177 182 198 107 110 38 170 184 63 87 191 48 52 7 111 185 176 84 92 85 51 108 39 127 152 94 97 22 167 102 195 8 179 77 28 172 76 113 81 44 95 115 35 58 166 141 197 151 75 123 171 68 43 180 163 175 25 136 53 100 119 67 55 19 73 80 134 2 11 133 64 124 164 193 150 109 46 12 142 88 137 174 135 128 169 54 33 105 96 62 101 59 140 79 69 66 199 57 49 165 40 189 187 31 74 178 24 32 112 5 4 120 23 
200
125 26 177 193 116 21 128 161 58 44 48 74 62 18 196 140 162 19 107 115 46 189 188 40 105 5 76 114 123 170 139 134 32 132 83 11 187 194 146 9 160 2 95 145 78 77 47 41 138 85 69 14 174 61 66 151 98 108 106 137 64 30 178 86 53 131 109 35 23 16 81 71 163 39 171 13 28 103 80 149 175 97 186 82 135 182 169 100 159 49 59 25 17 122 167 118 172 88 110 153 60 164 90 63 136 70 55 31 52 43 133 12 155 156 130 190 142 200 117 36 20 166 176 126 75 181 50 89 168 119 121 173 185 4 148 191 199 113 54 112 1 101 104 120 34 67 158 38 27 152 57 143 73 51 150 165 179 124 56 180 99 87 22 65 29 96 10 42 91 68 79 94 102 33 197 195 84 141 45 198 144 154 92 147 111 15 24 183 93 129 7 184 37 192 157 3 6 127 72 8 
200
18 106 139 83 9 2 4 39 92 31 123 72 70 144 76 58 17 102 52 132 200 22 79 38 86 40 169 118 131 1 128 120 7 15 115 141 177 122 112 14 143 5 109 23 150 53 28 43 97 57 50 42 90 165 168 81 137 78 55 181 152 193 10 69 134 135 125 100 12 13 179 64 33 157 67 110 3 187 111 133 94 48 158 51 73 182 185 35 99 62 175 101 66 130 25 105 114 153 176 138 172 161 49 61 11 103 180 71 178 6 16 148 198 29 98 27 142 8 166 119 167 170 195 56 41 127 151 145 174 164 154 96 91 47 104 121 85 44 126 162 163 196 117 173 30 93 192 136 80 88 124 37 160 197 75 68 184 107 155 89 45 116 82 59 188 84 20 65 183 189 19 26 21 74 146 156 32 159 24 194 113 77 147 54 108 34 149 46 87 129 95 186 140 190 36 191 199 60 171 63 
200
76 122 131 21 111 129 124 182 1 199 36 138 58 110 33 52 97 139 69 86 119 175 54 109 148 6 121 181 32 114 128 45 57 108 144 66 9 42 79 29 177 194 26 14 159 106 168 8 83 59 95 120 104 147 63 100 118 13 67 47 18 71 146 115 164 30 35 200 162 188 22 19 38 170 145 176 189 191 48 37 64 134 153 103 161 198 49 87 40 62 3 39 25 24 55 167 65 72 125 190 16 78 31 137 70 56 165 60 105 172 50 27 77 98 123 4 75 166 157 195 156 140 135 44 130 154 85 136 10 80 163 91 74 92 126 193 132 5 61 17 117 2 68 127 192 179 152 142 12 73 112 151 28 93 20 99 133 43 197 178 41 173 23 82 174 94 96 160 141 15 84 88 158 150 183 196 143 186 184 171 113 11 81 187 7 51 180 46 149 169 90 155 107 53 185 89 34 102 116 101 
200
79 154 37 9 68 134 100 156 123 31 12 125 146 55 140 96 84 15 117 25 44 111 23 192 121 183 30 95 89 170 65 19 22 58 5 60 175 194 43 166 179 14 187 90 3 137 173 80 33 126 78 174 10 82 94 91 190 177 64 198 163 86 4 63 81 124 8 29 158 172 103 98 32 199 162 188 142 51 178 97 93 148 27 50 70 191 136 108 157 7 38 132 34 28 46 73 130 141 21 104 153 6 48 76 151 71 62 36 109 180 18 24 127 155 49 106 128 135 196 159 42 20 72 2 88 160 200 47 107 53 17 77 120 13 101 110 119 167 57 99 169 195 122 26 11 67 85 39 131 161 61 41 171 182 16 139 138 54 189 193 35 143 56 133 114 165 184 164 145 186 197 83 168 40 87 118 52 102 181 66 45 105 59 144 147 152 75 129 150 185 149 92 112 115 1 69 176 113 74 116 
200
84 187 86 40 41 57 154 199 191 152 169 127 112 38 9 185 54 64 10 19 82 195 167 130 81 150 51 89 119 131 176 44 178 198 97 116 171 18 200 162 182 124 115 68 151 102 78 52 48 100 184 104 197 74 164 161 125 189 144 96 160 71 180 137 88 179 12 98 142 77 106 157 75 13 36 133 25 21 24 122 140 58 129 192 15 118 39 14 170 146 45 31 8 123 135 93 175 70 60 49 117 107 143 121 145 105 80 196 23 53 59 69 126 87 147 158 114 113 95 2 55 166 132 141 91 92 16 94 29 3 34 163 37 181 186 1 174 73 173 22 50 193 17 62 156 101 83 188 32 67 26 56 153 42 99 168 183 138 139 7 28 43 63 20 148 136 134 6 108 149 165 47 4 103 120 33 76 5 61 159 66 109 111 35 128 72 155 110 46 190 177 85 65 30 79 172 27 194 90 11 
200
90 21 152 69 142 168 124 157 192 20 14 84 134 125 151 183 111 195 17 100 113 3 77 114 191 82 85 41 59 70 48 184 66 173 74 52 135 76 112 23 78 50 182 149 22 29 63 116 89 146 167 170 94 24 127 31 40 10 86 81 44 87 28 161 126 45 96 13 148 56 12 139 33 25 37 129 88 110 197 7 19 38 64 47 108 181 138 186 91 11 8 150 185 199 193 145 163 46 4 34 174 71 140 133 26 55 178 53 196 107 137 164 122 198 62 179 80 60 166 136 120 200 95 131 65 118 141 15 175 188 42 158 189 180 18 154 104 2 153 79 99 105 102 130 43 6 165 27 103 93 75 144 36 98 68 162 61 83 155 143 72 57 147 115 123 97 30 187 73 32 35 58 106 39 119 5 117 159 101 54 92 128 121 51 49 1 132 176 9 109 169 172 67 177 190 194 171 156 16 160 
200
94 101 131 130 115 151 64 47 60 119 195 1 163 6 50 155 160 18 184 140 74 109 107 44 31 66 192 117 59 85 120 35 14 158 55 48 200 114 171 106 51 141 65 70 20 90 194 103 16 153 148 63 79 193 177 21 30 73 39 93 96 84 168 3 38 152 149 173 40 62 165 17 104 169 162 135 133 138 137 154 26 144 183 13 98 82 112 77 100 15 156 36 126 134 81 89 67 113 198 54 189 147 136 57 187 145 41 29 174 157 78 123 83 111 75 52 125 7 49 142 129 159 5 24 76 199 175 108 95 180 127 186 69 190 128 181 61 105 146 33 46 91 197 166 121 86 27 19 178 45 196 72 161 102 8 12 172 28 43 11 10 143 170 4 56 139 92 182 99 97 71 164 191 188 88 132 167 58 116 122 32 23 176 110 34 53 179 42 2 37 118 124 68 9 25 80 150 185 87 22 
200
51 161 62 117 19 39 165 170 194 112 155 9 113 175 42 97 70 109 185 46 169 168 52 88 143 181 184 195 57 69 15 93 11 166 24 80 193 130 98 163 159 136 157 63 154 4 191 108 188 67 126 68 41 25 6 54 60 118 45 164 13 61 101 82 26 74 129 72 37 27 146 120 81 172 16 12 199 102 174 48 95 84 33 177 176 167 110 162 148 139 99 90 141 135 49 123 92 173 44 36 32 89 1 127 73 76 10 59 133 3 29 153 160 140 122 22 104 53 5 192 107 43 196 86 8 75 83 64 125 23 183 116 179 7 18 111 87 138 121 71 149 132 128 28 2 14 20 115 151 50 31 85 152 30 65 171 197 91 190 145 119 94 96 56 156 77 182 114 142 158 186 187 178 180 198 66 79 134 38 78 34 100 189 147 106 21 150 40 131 105 55 103 17 47 144 137 58 200 35 124 
200
175 109 14 190 74 126 50 36 54 137 130 73 18 33 122 11 80 46 15 174 91 179 188 115 196 182 163 39 199 64 200 113 104 176 180 78 38 189 108 161 12 61 25 34 148 152 120 65 86 87 9 165 168 45 44 76 89 171 41 139 71 43 192 66 191 106 27 84 67 94 159 3 59 52 186 95 55 96 13 128 111 146 131 68 48 147 17 70 157 63 195 133 98 154 31 153 93 28 40 107 4 149 21 22 173 145 140 160 162 132 101 5 183 194 116 20 134 2 6 23 85 158 170 60 62 121 181 24 47 167 193 103 178 114 81 185 172 16 123 110 184 144 136 155 7 129 177 143 150 26 30 35 1 92 69 102 156 77 164 105 58 100 79 141 142 119 135 75 198 19 82 90 169 42 49 32 8 187 88 197 29 51 37 166 151 10 125 138 97 83 72 99 118 56 124 57 112 53 117 127 
200
20 144 89 178 115 58 124 103 77 148 157 125 112 16 71 57 184 38 47 168 131 51 193 88 19 37 145 84 192 158 43 199 147 61 80 15 138 32 132 48 8 98 41 120 151 116 31 72 59 104 92 180 165 83 35 28 110 10 11 96 198 39 90 113 75 130 174 74 53 26 14 91 4 134 195 86 122 139 167 12 45 42 129 30 99 109 186 9 119 49 150 169 24 52 25 154 102 107 23 118 114 44 163 1 152 188 149 82 97 108 140 177 13 160 81 183 29 133 189 46 79 27 18 54 76 40 162 127 87 22 117 5 181 170 146 179 3 173 105 55 34 101 17 56 63 6 176 166 153 200 159 100 175 62 121 136 65 191 70 60 156 123 142 2 94 21 197 106 73 78 164 50 135 172 190 182 66 67 141 128 69 185 194 95 137 64 36 93 33 85 111 68 196 7 171 187 143 155 126 161 
200
102 39 11 17 30 90 188 198 32 97 65 132 44 41 93 144 116 108 173 14 92 28 19 146 128 80 3 104 51 109 155 196 152 98 176 9 96 186 200 91 177 195 148 190 169 184 150 139 26 43 163 145 81 193 106 189 48 117 4 42 135 162 160 21 66 183 123 171 142 125 115 180 168 89 87 191 18 166 40 136 197 99 157 73 121 172 124 78 71 57 38 94 59 118 138 130 34 47 161 165 129 10 53 140 84 194 131 2 68 25 75 101 156 141 110 45 178 120 151 22 36 50 159 105 113 122 133 167 12 69 62 175 31 1 143 187 153 24 63 199 6 182 5 23 49 154 67 170 158 88 54 83 37 16 127 185 60 74 192 56 52 107 58 29 85 70 46 72 126 100 164 76 33 119 35 79 55 114 112 20 181 134 86 179 174 15 95 13 7 8 147 111 64 149 27 82 77 103 61 137 
200
33 72 35 73 181 105 29 6 102 59 185 125 60 158 25 32 16 191 21 126 115 66 113 186 92 146 76 179 19 137 20 41 172 15 189 101 36 193 180 55 112 50 64 51 91 63 120 103 178 52 183 97 27 11 22 89 159 139 150 144 107 152 8 78 28 42 199 168 117 45 157 2 109 116 53 57 9 74 145 173 128 48 99 200 169 47 182 38 1 110 123 167 83 56 108 147 81 129 140 136 133 61 104 127 198 148 40 17 100 184 121 46 95 93 156 58 149 142 30 118 80 26 5 161 96 14 12 196 141 87 106 31 34 155 143 3 165 195 135 18 164 138 84 54 62 7 122 171 82 194 132 154 86 4 70 130 177 98 119 192 13 174 160 67 44 114 79 134 75 124 190 162 88 94 39 10 151 24 166 131 37 197 23 170 176 49 187 69 85 68 43 175 65 111 77 163 71 153 188 90 
200
189 85 159 104 148 131 184 21 61 151 176 192 34 153 103 199 162 87 132 182 114 152 188 178 9 15 161 177 167 127 170 64 65 32 59 22 77 175 120 53 168 48 24 106 105 113 96 68 81 55 169 8 108 172 98 110 4 93 75 116 26 92 150 43 173 35 28 20 49 119 191 3 163 115 47 71 94 200 128 122 33 69 58 195 23 25 40 16 12 102 111 121 165 88 118 97 18 145 45 130 51 125 180 134 198 136 17 196 56 124 42 86 109 95 82 1 141 76 38 155 187 91 146 137 29 89 194 66 39 185 183 78 79 144 80 67 90 100 107 123 101 138 52 57 171 11 156 135 181 37 14 193 74 186 50 133 54 190 60 157 197 112 13 129 84 99 41 174 72 5 117 27 10 126 62 154 6 147 73 140 139 143 158 46 179 83 166 7 30 164 44 31 142 160 19 63 36 70 149 2 
200
176 37 14 148 63 78 196 198 52 55 160 175 163 44 13 67 25 16 96 64 94 159 57 109 107 128 143 115 123 85 154 194 15 177 47 195 192 12 45 105 49 172 92 89 10 179 80 144 167 152 188 35 46 58 161 1 82 145 7 70 5 139 129 48 121 184 150 183 22 151 2 110 135 81 117 68 38 120 36 187 50 114 33 51 41 165 133 104 40 149 71 168 170 61 101 193 182 124 140 190 137 59 8 4 136 62 18 125 164 181 29 77 54 66 17 30 142 26 9 73 119 53 173 27 98 88 191 83 189 155 21 75 106 134 87 31 200 6 34 153 32 76 103 72 79 39 166 199 90 138 100 93 69 158 56 141 65 24 122 127 197 99 162 116 146 42 11 178 112 108 118 113 28 74 174 95 3 185 171 186 157 84 60 19 43 111 126 97 132 20 91 102 180 130 169 131 86 147 156 23 
200
116 188 87 98 18 125 8 20 181 17 100 113 149 84 31 9 136 117 99 164 53 150 146 176 28 157 5 137 22 186 119 121 13 80 155 40 30 58 10 12 134 168 193 21 156 11 50 69 71 192 111 1 147 47 152 145 94 107 184 197 110 77 138 124 60 133 161 81 56 118 61 48 29 6 144 173 75 23 179 141 25 142 63 191 114 160 96 159 15 74 139 55 82 14 73 123 54 51 83 41 115 109 174 130 131 185 34 128 196 3 166 45 189 200 39 135 64 170 79 76 163 88 95 106 165 36 190 178 153 172 49 70 35 187 16 52 194 195 65 78 67 33 127 148 180 59 182 27 72 37 183 44 19 108 43 105 32 46 68 171 198 7 86 90 129 154 132 42 62 66 92 199 177 103 167 140 112 97 162 4 101 24 102 93 122 91 175 104 126 151 2 158 89 57 120 169 85 26 38 143 
200
200 163 29 56 36 20 32 95 120 101 173 60 12 179 160 33 93 141 65 72 187 31 157 94 181 66 35 54 193 90 168 34 196 110 8 148 152 198 150 140 9 11 124 96 89 138 149 171 139 103 80 62 106 37 50 45 174 197 183 17 43 73 97 38 166 51 117 114 19 55 44 88 176 23 27 164 64 147 39 119 143 21 182 100 129 41 6 195 84 191 59 3 146 189 184 151 53 125 105 136 5 127 194 2 7 75 42 161 158 104 69 131 18 68 25 61 144 57 122 134 142 98 185 128 78 15 4 83 192 199 81 47 49 167 115 74 109 91 13 112 77 10 145 24 116 76 111 85 154 155 14 156 40 16 153 87 186 137 123 99 22 28 113 126 121 172 79 102 165 170 67 52 133 175 26 118 188 180 132 58 107 130 169 46 135 108 159 82 178 48 71 190 1 177 63 162 30 86 70 92 
200
37 7 94 83 136 46 140 183 138 147 152 105 191 186 108 75 159 96 60 121 31 1 41 32 27 62 28 142 170 92 103 8 107 190 119 104 73 109 100 110 154 171 146 111 177 21 26 72 36 153 126 161 18 184 150 25 167 34 129 87 70 164 54 93 181 113 29 20 139 74 115 61 122 44 85 173 112 90 91 135 23 38 50 40 169 11 127 195 116 45 148 6 68 71 175 194 64 199 53 145 174 10 128 188 117 132 51 200 99 168 33 176 166 66 131 3 143 165 9 192 5 88 2 79 30 160 48 114 39 63 4 155 130 55 15 14 89 24 179 157 156 76 101 78 82 133 124 19 59 144 158 185 95 182 81 196 58 197 123 178 151 134 97 22 42 56 193 102 69 180 67 84 12 65 141 172 35 57 13 52 149 189 17 125 86 198 162 120 47 77 80 106 187 163 16 118 43 137 49 98 
200
112 66 160 64 195 186 104 47 178 121 38 126 150 18 94 159 177 88 194 13 135 12 132 53 123 200 142 10 67 158 138 108 3 60 149 197 115 39 57 30 49 56 139 1 21 122 22 72 124 33 78 63 107 93 187 191 114 131 155 125 73 143 81 103 20 148 71 128 65 58 183 179 144 100 140 190 161 85 69 46 54 87 168 127 129 52 102 83 153 6 79 5 19 169 4 25 120 172 175 86 111 171 101 55 130 31 151 15 99 162 48 189 193 176 147 28 61 105 184 2 29 145 35 152 146 62 181 97 166 180 75 116 95 163 80 44 89 82 42 24 70 91 113 118 156 133 157 74 141 174 51 27 165 43 45 36 182 117 188 199 40 96 37 7 92 109 173 11 198 41 50 98 106 9 14 134 8 68 90 26 119 59 136 77 192 110 196 84 32 16 137 167 170 185 76 23 17 164 154 34 
200
143 85 21 196 197 3 172 24 46 121 112 135 120 48 40 161 146 134 108 80 66 103 144 106 37 117 115 180 50 38 177 163 174 147 159 54 31 126 36 47 65 195 92 189 96 82 13 8 70 78 183 86 187 95 84 139 164 145 158 191 33 51 94 14 55 101 69 81 182 19 129 62 150 154 186 149 130 178 68 169 185 198 99 76 74 111 152 91 98 157 97 30 41 171 43 61 17 175 7 56 131 132 79 148 10 153 49 140 52 59 199 39 151 15 156 1 100 29 165 42 110 118 194 4 116 137 45 35 176 60 93 9 2 109 127 71 57 102 89 162 123 25 58 167 104 173 5 72 88 168 122 90 12 138 160 166 77 6 22 75 141 107 64 16 23 63 114 28 32 11 27 184 136 142 170 20 179 113 34 26 44 124 83 18 188 73 192 193 155 133 105 87 125 181 53 200 190 67 128 119 
200
178 194 45 62 67 164 104 124 188 198 172 150 35 101 148 183 59 149 147 14 46 121 105 78 75 186 170 97 57 2 152 134 54 79 199 55 53 39 184 122 129 151 63 107 162 87 68 4 132 9 47 48 174 10 91 93 120 160 190 103 28 140 144 133 131 125 146 177 12 196 18 192 197 76 175 180 113 3 64 34 27 38 40 181 41 6 173 182 111 60 168 142 108 139 126 138 51 116 22 159 136 158 20 26 43 176 30 72 17 65 58 90 137 200 156 94 161 102 110 61 13 95 21 24 85 99 165 5 155 153 16 98 66 191 193 44 88 96 19 171 69 118 50 7 112 80 52 1 31 143 37 70 185 179 73 23 130 56 33 195 25 187 36 15 166 167 163 119 77 8 154 49 169 114 100 145 89 135 42 81 82 127 123 157 128 106 83 74 189 86 32 84 92 141 11 115 109 117 71 29 
200
47 95 19 9 103 16 168 68 136 36 172 160 173 122 64 4 49 51 196 138 66 30 181 135 96 193 163 88 41 74 91 191 75 134 27 43 148 90 120 108 70 94 57 140 182 58 121 176 100 33 154 78 128 179 157 132 59 7 151 61 40 8 199 115 149 155 62 107 142 171 164 186 48 26 162 72 194 13 153 104 156 63 76 161 6 165 31 169 22 44 86 42 87 12 126 77 141 124 99 131 69 29 180 152 166 73 67 2 5 110 117 79 177 34 139 144 92 101 53 195 143 119 109 28 93 65 54 18 118 133 112 83 15 21 125 197 97 187 37 116 52 111 81 150 198 11 85 129 25 200 167 17 84 184 14 1 114 183 146 23 35 123 190 170 185 60 105 102 38 175 89 56 178 127 80 82 174 45 46 98 106 3 113 20 159 55 10 147 50 71 130 32 24 188 39 145 189 137 192 158 
200
90 51 163 54 12 157 136 128 34 176 108 77 126 133 9 164 61 138 137 180 178 141 117 110 114 92 152 96 111 97 78 118 26 71 65 4 30 60 1 86 50 64 31 38 144 168 193 13 82 195 151 171 198 115 57 19 14 20 84 37 199 91 156 169 87 143 148 158 146 132 200 56 155 81 75 16 3 45 7 145 109 55 49 35 181 106 63 52 101 129 73 40 179 93 170 160 62 167 36 149 172 120 11 182 162 58 72 44 102 150 187 85 43 196 125 70 69 183 89 68 32 161 173 119 185 135 94 42 154 127 18 39 66 88 174 23 47 194 105 8 2 153 33 76 186 28 53 122 124 165 139 159 142 188 83 107 166 80 98 184 192 113 104 25 46 99 21 100 74 10 190 103 189 59 175 27 67 123 197 177 191 24 140 112 130 95 41 79 29 48 131 22 147 6 116 15 134 121 17 5 
200
142 118 72 9 148 149 36 183 58 161 92 18 145 107 169 93 188 134 10 136 65 192 33 154 37 28 46 195 97 78 49 111 138 52 164 198 157 114 86 84 105 29 47 12 123 90 96 17 168 76 5 184 120 180 190 42 7 151 193 53 3 162 14 173 54 79 150 67 85 196 62 82 75 20 108 32 71 106 25 177 35 185 124 91 13 140 166 60 48 77 152 19 61 64 74 197 95 179 143 170 99 181 50 155 34 125 163 176 22 191 1 119 11 122 133 39 146 70 186 147 63 144 80 129 141 167 130 112 100 199 165 126 103 171 117 57 101 73 15 175 158 102 172 187 87 69 127 43 4 113 31 59 8 189 115 98 24 109 81 55 41 68 110 6 153 159 51 26 30 21 104 131 160 66 137 40 135 182 116 27 178 139 89 94 132 38 88 194 16 56 174 128 44 121 23 45 2 83 156 200 
200
176 165 164 105 66 110 74 125 40 196 25 7 65 42 81 27 53 31 106 16 56 191 145 49 93 77 153 131 48 107 18 58 45 17 69 68 97 71 172 158 146 118 115 50 88 112 119 159 102 73 123 75 62 43 1 171 168 5 15 14 140 103 82 194 162 67 33 199 95 19 182 84 132 186 124 157 91 22 9 169 185 98 76 12 80 160 52 179 120 70 89 149 4 72 139 134 96 150 141 29 163 86 13 104 46 144 166 167 177 38 94 156 20 85 178 147 39 200 59 32 108 35 78 54 148 55 28 41 142 8 11 190 138 6 111 63 44 180 100 2 181 116 24 99 170 57 121 128 133 51 161 143 47 184 127 79 60 129 26 61 64 136 152 122 193 83 175 87 21 126 174 34 30 192 189 173 137 197 135 23 113 92 37 187 117 3 155 101 90 151 198 188 10 195 154 109 36 183 130 114 
200
56 4 39 103 135 79 158 67 178 123 57 114 84 198 32 62 166 193 105 61 98 142 48 121 159 15 173 54 21 5 24 156 85 160 6 31 106 190 167 73 131 47 74 168 112 10 68 83 80 44 75 37 140 28 76 36 127 144 152 90 77 27 71 119 72 177 49 7 46 179 2 41 125 186 11 96 117 195 45 147 25 128 111 174 145 183 95 180 192 172 97 185 23 26 58 116 146 35 130 66 138 107 78 53 118 165 88 184 101 110 189 50 136 100 143 51 197 16 169 162 12 1 52 55 188 109 133 170 155 161 120 42 65 14 191 33 40 148 187 194 176 13 89 3 151 181 17 91 8 175 43 18 137 59 19 113 29 81 99 196 134 149 102 64 154 60 182 34 86 157 9 150 20 92 38 132 126 69 124 108 164 87 22 82 200 63 30 153 171 93 104 141 94 115 139 129 163 199 122 70 
200
55 24 60 49 165 170 67 17 130 30 182 28 54 50 46 27 74 146 77 16 8 148 140 32 135 115 196 86 83 45 128 198 119 132 12 7 168 29 103 11 22 164 113 160 48 101 68 62 195 184 177 91 90 2 100 175 87 71 159 73 21 36 131 96 167 66 82 84 186 181 116 6 155 64 108 52 189 57 172 122 13 157 14 117 34 188 193 93 18 200 69 180 10 144 183 192 102 37 136 94 40 70 156 185 174 25 76 121 63 47 125 43 81 1 44 171 92 169 61 120 58 149 78 106 59 124 35 194 158 38 197 123 9 142 176 152 3 137 143 4 39 107 199 126 147 20 112 134 79 190 173 129 65 191 114 33 150 99 85 118 53 141 5 127 98 153 75 187 56 110 139 178 23 133 72 166 88 161 80 163 162 15 42 89 19 105 95 179 145 26 154 109 104 97 51 111 151 31 41 138 
200
192 196 37 48 19 188 198 124 109 180 157 38 20 74 159 144 101 155 113 172 193 175 170 187 15 28 151 153 108 59 46 58 69 72 3 45 67 22 2 131 62 121 123 94 100 56 32 189 173 34 77 179 136 142 17 133 73 117 194 148 6 11 143 35 107 168 23 134 4 76 162 70 116 129 33 81 8 119 87 66 190 92 52 138 18 140 7 106 199 110 186 39 61 44 120 89 135 14 40 104 139 200 130 31 128 149 171 64 84 25 27 145 154 57 93 163 80 112 166 181 127 182 115 114 26 91 164 68 50 51 82 78 54 96 86 183 30 10 118 191 71 146 195 24 99 53 60 63 178 177 174 83 5 126 47 79 160 13 141 102 111 161 85 122 167 176 158 49 16 1 95 184 29 75 12 88 150 165 55 42 185 36 9 97 156 90 169 125 21 43 41 103 132 98 197 147 105 137 152 65 
200
52 87 110 101 63 29 56 127 154 3 68 142 139 153 43 60 161 156 173 20 160 108 147 191 93 58 72 102 134 5 97 92 121 81 50 26 198 36 71 103 67 53 35 118 104 119 181 95 15 174 32 179 49 117 57 157 18 107 47 168 59 77 150 114 169 196 123 126 23 66 124 88 155 13 94 24 137 163 4 99 14 199 200 89 17 54 7 171 182 12 91 140 146 130 132 152 159 100 42 16 172 83 116 135 175 120 109 162 69 48 133 33 8 122 22 129 30 164 39 40 143 45 128 86 38 148 185 31 2 65 98 96 9 151 90 51 44 158 64 78 113 106 149 177 136 84 190 111 76 1 74 62 70 183 178 194 10 34 37 75 170 176 197 46 19 115 193 11 82 105 180 28 61 195 112 41 141 167 73 184 55 6 187 138 85 80 189 79 21 27 131 166 25 188 192 165 145 144 186 125 
200
149 114 108 56 111 61 185 198 196 133 199 5 16 160 21 81 180 17 134 46 183 95 36 151 176 115 178 9 175 52 128 113 96 76 106 43 147 77 91 34 137 13 59 57 136 11 141 41 184 99 15 24 116 32 123 75 200 44 177 142 80 25 7 154 71 193 143 124 50 187 105 144 130 155 165 109 51 174 72 87 120 66 53 33 150 67 78 194 1 49 126 188 79 181 4 107 82 85 161 6 70 3 195 162 139 55 27 35 167 121 104 122 125 140 157 94 98 64 84 170 169 182 12 60 45 20 127 163 37 146 138 186 112 93 68 100 10 83 189 101 117 18 69 153 90 145 191 22 171 89 63 152 29 192 131 103 31 97 158 54 190 118 129 88 48 86 26 28 148 102 119 92 38 135 74 179 58 39 197 172 173 156 40 8 23 65 47 164 168 19 166 110 132 159 73 30 14 42 2 62 
200
53 3 145 186 17 68 98 112 26 156 113 127 139 59 165 33 40 114 63 196 48 106 90 1 84 182 135 95 31 73 179 23 157 34 110 77 74 44 94 64 131 120 119 122 168 152 149 61 91 78 191 195 170 4 151 13 101 15 174 132 108 51 148 166 143 66 60 134 125 159 20 39 128 88 121 6 107 184 32 190 185 175 46 138 133 103 160 155 82 192 137 100 22 50 10 87 11 164 136 105 83 57 29 62 52 30 177 81 117 14 200 129 104 2 146 197 12 25 56 158 176 36 41 42 37 141 140 161 116 124 16 79 28 153 189 173 93 99 5 80 47 85 109 142 181 96 7 193 172 111 171 194 8 9 102 86 167 65 163 67 183 72 43 144 130 92 70 19 147 126 118 154 21 71 76 188 58 162 18 69 54 49 169 123 198 180 24 38 178 45 27 75 97 55 150 115 35 89 199 187 
200
154 166 200 122 89 165 173 185 105 138 69 102 12 15 126 115 83 132 23 146 186 164 46 143 107 87 42 133 39 150 18 177 174 32 145 189 33 176 29 163 27 144 169 94 8 78 127 161 59 95 148 6 52 160 45 9 191 10 53 68 55 41 60 54 128 70 142 125 80 119 88 4 84 85 100 82 38 193 190 151 121 71 134 44 155 181 106 13 51 99 93 81 97 147 5 112 158 11 192 1 187 179 14 196 24 124 159 149 184 47 35 79 96 113 77 73 43 103 20 175 171 108 21 30 162 198 101 63 116 56 49 135 180 183 156 178 130 72 157 153 199 140 16 120 172 34 17 167 48 170 50 197 2 67 139 28 86 90 109 137 25 3 26 65 117 136 118 114 92 91 58 64 7 111 40 62 75 61 74 31 188 195 57 194 182 37 66 168 36 76 110 19 129 123 98 104 141 131 152 22 
200
184 179 129 111 84 14 90 142 16 27 8 165 164 65 198 121 40 31 115 52 128 152 74 61 138 48 22 105 7 36 96 66 91 169 77 18 19 156 158 106 136 178 9 85 100 127 114 94 118 51 155 98 192 20 39 134 193 67 176 190 196 46 183 103 186 166 133 101 130 43 182 162 44 151 59 28 161 68 60 73 143 173 15 195 145 168 191 140 172 25 200 35 174 45 86 157 146 132 99 92 80 110 126 167 117 12 93 180 197 171 150 55 131 56 83 147 33 113 75 160 199 11 109 144 23 119 189 72 10 112 81 104 154 79 149 13 108 29 42 26 102 177 88 78 47 38 76 32 95 170 62 153 2 37 41 137 50 188 34 185 148 194 70 63 64 57 175 69 181 163 122 53 49 6 4 71 97 139 17 187 58 123 141 135 120 87 159 5 124 24 107 21 1 3 125 82 30 54 89 116 
200
159 163 173 172 127 161 97 197 157 138 4 83 74 54 128 24 41 28 87 10 165 71 190 3 140 90 111 11 193 23 152 64 103 125 123 20 34 135 164 194 1 105 130 116 189 132 30 5 80 112 96 166 102 155 21 200 122 40 76 178 33 25 44 181 137 141 62 26 124 13 148 35 93 186 183 179 151 160 46 92 108 7 185 176 19 6 51 86 68 114 88 16 192 119 154 167 142 188 82 47 121 98 136 196 169 53 73 156 78 180 91 182 77 31 42 89 139 198 59 48 52 146 72 195 15 61 58 45 32 55 60 145 36 104 134 149 107 131 49 12 118 70 115 101 14 126 66 168 129 94 150 120 109 106 117 170 95 84 8 174 29 144 99 27 39 191 65 37 9 162 113 57 100 171 43 69 17 158 153 85 50 79 18 38 187 2 81 63 133 110 175 177 67 199 147 75 184 143 56 22 
200
77 89 184 69 127 98 149 109 181 20 8 23 37 13 196 162 103 122 139 30 171 128 48 140 17 130 87 72 158 147 25 107 126 187 159 45 33 51 32 199 172 56 119 160 41 167 108 74 154 63 75 150 121 175 186 19 70 173 156 176 47 27 200 106 161 114 39 90 144 31 42 152 190 185 82 146 28 163 26 131 65 21 76 116 174 60 22 93 88 85 44 132 166 102 123 188 179 81 40 11 64 193 110 198 91 168 157 29 38 164 138 117 61 1 182 4 124 36 12 100 148 96 136 97 165 141 50 84 58 180 15 18 105 189 115 191 142 73 137 112 197 113 10 46 178 34 66 145 35 78 14 118 194 79 151 55 133 192 129 2 80 62 16 83 169 53 143 153 68 59 43 5 67 92 54 71 86 111 57 155 135 183 95 7 104 177 99 3 9 120 52 125 94 134 170 49 101 6 24 195 
200
171 61 182 135 33 103 115 60 88 67 173 147 119 49 172 48 199 69 13 9 146 184 57 50 145 167 36 161 197 153 95 110 158 68 179 137 156 34 113 15 144 25 90 83 3 71 82 39 32 46 55 66 141 120 106 45 124 5 155 23 191 16 186 93 85 92 31 78 122 165 81 35 52 129 125 91 11 74 139 200 22 168 118 58 72 190 132 96 176 189 53 4 138 101 70 40 102 109 37 105 21 24 43 99 26 86 188 94 127 159 98 56 183 193 157 181 79 20 194 195 133 192 142 59 152 160 107 140 151 150 64 84 136 114 177 8 117 44 2 196 89 30 185 41 111 162 12 87 154 1 27 134 97 14 10 108 163 116 38 166 62 126 100 42 18 121 73 63 123 51 143 175 47 169 80 54 17 7 149 178 6 198 29 131 128 170 180 112 19 174 65 104 76 187 164 75 77 28 130 148 
200
74 137 45 154 97 58 8 22 96 163 150 63 179 109 131 123 18 193 90 198 27 85 192 158 69 127 20 88 178 103 7 64 116 124 149 95 125 5 77 76 28 57 56 21 113 189 180 133 112 40 2 54 43 185 39 136 44 81 82 167 33 49 183 195 122 190 87 42 146 13 70 36 29 200 145 120 132 15 156 174 75 118 50 4 115 3 191 47 187 41 37 60 105 169 159 92 182 30 84 98 65 117 89 61 52 59 6 17 148 93 11 171 19 175 126 177 100 160 121 14 80 72 181 94 119 106 147 66 48 53 51 166 134 141 114 196 62 184 91 168 186 130 140 9 86 99 38 78 197 68 79 151 128 34 138 102 164 104 153 55 142 144 101 111 155 152 46 170 176 16 1 83 162 26 157 67 35 24 12 143 32 108 110 107 23 194 173 71 73 172 10 129 165 25 135 188 31 199 139 161 
200
44 82 15 129 119 17 48 50 124 7 199 136 154 31 185 26 200 22 89 86 156 60 8 174 120 79 158 32 1 189 38 186 126 6 51 110 16 54 59 65 40 39 94 84 91 125 130 4 103 161 90 128 123 197 11 151 41 181 168 167 100 87 127 53 170 152 134 101 35 108 109 172 76 19 135 106 116 191 62 73 178 28 68 194 187 175 63 179 138 83 163 107 20 157 66 137 165 144 176 45 5 145 97 162 42 24 27 184 99 93 29 33 75 74 72 18 141 190 198 78 55 192 183 102 104 177 169 133 56 98 166 70 77 30 118 25 88 148 34 52 96 180 23 92 146 117 69 36 95 58 3 160 159 121 111 10 188 193 142 150 37 105 12 57 9 182 112 131 164 14 122 147 139 149 85 13 21 195 2 43 153 46 115 61 140 171 113 143 155 196 132 71 114 80 47 81 64 49 173 67 
200
84 174 149 87 48 86 155 187 17 20 64 102 165 85 129 168 12 171 111 68 98 154 6 136 141 25 96 65 134 194 196 143 99 16 177 52 128 39 138 186 173 57 144 181 49 126 50 31 121 91 193 11 161 21 119 29 77 3 118 123 146 192 71 2 66 41 116 60 156 70 176 183 4 115 180 61 150 92 42 63 153 78 38 32 1 190 199 56 127 104 132 100 76 35 145 152 147 10 74 51 88 22 108 79 172 34 27 45 125 109 93 28 163 182 175 72 18 43 178 124 30 97 170 33 58 82 67 24 110 188 184 80 198 15 157 197 133 122 167 105 55 8 19 158 7 9 130 81 164 36 148 137 117 135 113 191 69 54 90 112 120 13 140 131 166 106 162 40 37 101 139 83 179 89 47 75 185 114 169 94 59 107 46 160 73 151 195 53 23 103 142 26 200 159 189 14 5 95 62 44 
200
71 11 125 182 192 37 183 145 112 164 53 92 51 116 83 126 100 8 189 138 200 31 46 3 20 10 9 56 58 38 186 188 162 50 97 41 115 150 39 34 122 143 159 176 15 64 181 101 135 110 124 55 87 35 95 30 32 171 44 156 78 5 4 107 1 119 117 66 113 140 153 147 127 132 165 104 111 60 130 180 54 33 76 155 109 160 85 177 193 133 137 118 25 17 136 173 29 72 198 61 161 151 166 179 77 163 93 27 167 196 106 91 191 14 98 170 187 146 144 90 75 197 194 42 123 49 21 158 149 103 18 94 105 12 96 195 141 139 70 169 129 26 69 114 67 2 74 168 57 79 185 47 36 52 148 102 131 89 157 13 22 184 59 88 19 45 68 28 108 120 48 190 178 81 154 16 84 24 121 199 73 23 80 6 65 99 63 62 175 174 152 86 40 134 82 128 7 142 172 43 
200
30 99 50 41 166 55 67 37 172 68 42 82 8 109 49 125 123 112 147 173 102 120 199 25 43 154 58 130 152 88 165 196 19 53 151 101 9 139 106 93 90 75 72 128 116 194 111 96 89 103 59 33 129 159 178 182 187 17 40 100 34 71 110 18 138 74 94 45 184 114 135 48 157 146 136 79 20 52 158 86 145 39 156 12 179 97 192 80 185 180 197 65 193 189 174 44 133 85 10 62 198 66 23 191 70 121 169 155 142 38 175 28 177 4 32 16 54 143 162 15 164 183 195 35 73 126 150 26 46 144 171 168 29 161 2 119 36 5 92 124 107 190 118 14 84 115 27 77 31 21 188 140 78 108 186 60 91 104 113 7 170 98 160 81 134 76 64 176 24 83 122 57 141 117 149 105 148 56 1 163 181 51 11 63 137 132 167 127 13 47 3 87 95 200 153 6 61 69 131 22 
200
47 178 140 189 125 54 92 16 130 3 48 162 127 151 62 74 51 75 119 198 158 165 146 8 138 134 90 197 68 169 43 200 149 82 87 129 187 39 145 166 157 78 137 31 19 192 183 101 42 59 144 194 156 7 2 76 136 113 96 199 182 14 52 139 72 4 33 131 155 103 13 21 112 81 35 120 44 177 79 159 160 29 133 69 108 30 191 99 180 56 168 25 88 175 121 176 41 147 132 116 77 190 181 9 118 150 172 93 161 37 104 122 6 71 107 143 184 110 46 94 117 40 163 49 170 164 15 171 174 173 70 24 58 84 123 53 27 26 185 196 115 65 63 17 60 10 124 83 188 105 18 186 34 193 195 67 28 11 126 50 109 80 128 154 86 179 135 152 32 89 23 66 20 95 73 12 5 22 57 153 36 100 111 45 141 91 102 55 167 38 106 114 97 1 64 142 98 61 85 148 
200
64 1 30 111 18 42 140 150 81 56 76 148 194 88 115 186 155 58 114 13 172 7 20 54 105 149 19 84 167 41 162 107 90 16 68 142 138 32 69 110 188 46 131 93 45 28 99 163 4 52 77 196 127 117 169 112 199 15 128 151 191 83 125 8 24 91 152 102 75 80 168 164 70 87 43 177 97 146 126 9 66 78 113 121 160 109 89 103 17 132 195 170 74 182 144 183 193 59 179 108 157 192 12 133 101 25 130 63 175 158 120 5 161 180 47 173 67 129 48 37 106 21 119 134 49 197 82 189 61 137 14 98 26 92 159 27 35 57 39 31 145 190 62 181 154 95 135 184 141 51 11 79 10 85 55 94 60 86 166 50 22 174 72 198 104 147 23 153 44 118 123 200 156 136 53 29 2 178 6 38 71 187 171 34 124 139 185 100 143 36 3 165 33 96 176 73 40 116 122 65 
200
72 133 154 197 149 48 53 112 95 166 122 12 170 80 138 196 111 142 23 58 165 164 121 97 96 125 114 141 61 10 46 115 15 81 162 73 6 20 63 147 14 66 82 93 31 119 102 175 3 145 139 157 179 113 158 64 87 104 100 90 126 169 129 199 136 24 68 35 187 99 163 19 36 178 54 127 79 11 67 180 29 52 176 8 172 188 45 181 41 153 146 62 200 28 5 33 110 107 183 132 78 71 17 118 9 2 137 103 13 39 75 37 177 128 69 21 30 131 140 51 47 159 171 130 22 193 106 189 88 44 34 124 18 105 49 94 185 155 1 42 194 174 192 156 116 195 135 152 109 184 148 70 134 55 101 27 120 89 77 38 50 151 83 56 198 26 84 161 16 117 59 86 65 182 32 76 160 85 91 186 43 143 4 60 25 167 40 191 7 108 74 92 123 173 98 57 144 150 190 168 
200
56 119 93 169 80 121 188 85 178 112 62 187 200 91 166 155 108 59 110 88 20 139 100 156 163 87 106 131 61 42 54 82 89 167 105 49 58 165 9 151 24 133 77 38 52 25 79 140 97 74 66 1 63 130 22 158 67 5 122 99 11 113 102 37 114 136 185 111 13 3 26 73 123 95 101 94 132 157 83 36 28 109 181 104 47 18 148 186 173 141 10 180 43 164 39 72 6 57 65 127 30 190 17 182 55 175 51 174 177 154 143 149 195 193 7 4 128 23 33 176 135 96 40 27 146 71 160 115 142 29 8 120 78 103 189 198 50 16 45 137 145 144 14 19 117 92 183 159 192 68 2 129 60 75 191 81 184 194 168 197 35 138 172 76 46 161 196 118 31 84 171 41 179 86 126 48 147 70 153 69 12 32 162 53 170 150 21 134 15 125 199 34 64 116 152 98 44 124 90 107 
200
161 77 118 56 186 39 130 184 129 72 193 103 26 24 68 169 121 25 48 10 151 57 153 32 63 55 2 35 156 170 94 147 158 160 14 65 67 27 1 154 175 4 45 107 143 52 159 115 112 124 8 119 168 182 104 144 136 64 89 91 47 38 37 131 163 171 93 50 146 87 172 183 101 70 40 138 41 51 79 6 60 148 181 114 82 75 140 12 194 73 30 15 99 174 100 84 167 61 28 187 188 69 43 116 22 66 165 34 150 80 7 178 86 135 113 176 164 139 9 102 110 85 59 192 23 145 122 33 88 191 20 152 17 195 185 5 13 190 97 177 127 21 196 128 96 198 83 18 42 74 166 200 197 53 92 81 180 95 105 49 126 117 173 54 120 71 31 58 78 46 123 109 19 162 199 76 134 16 106 36 179 11 44 189 141 133 137 111 149 132 62 155 98 125 29 90 108 157 3 142 
200
45 36 173 197 71 174 76 193 96 126 89 44 85 194 18 53 47 199 121 140 117 115 175 81 138 29 7 82 186 80 64 39 70 164 61 165 133 141 154 42 181 30 79 8 188 167 180 78 119 195 41 65 55 142 196 12 148 22 190 13 40 161 56 5 57 75 66 28 93 107 31 35 101 34 183 111 59 131 159 146 124 172 20 95 94 168 179 6 137 1 9 192 104 38 62 109 2 144 86 54 60 24 112 176 125 152 153 191 99 163 103 187 156 27 171 139 151 170 160 68 114 88 162 123 46 136 105 120 32 127 77 48 149 118 177 15 108 200 155 157 11 130 198 135 158 58 3 26 178 83 16 92 150 116 10 134 106 128 43 4 189 182 67 69 91 132 52 90 100 184 37 145 185 73 113 102 72 84 129 143 98 25 17 33 147 87 50 21 169 23 63 49 14 122 97 74 110 19 51 166 
200
171 132 30 180 25 66 114 179 3 139 76 148 172 43 54 62 103 181 64 186 134 105 50 18 36 126 175 178 128 196 83 98 177 194 151 40 133 48 4 159 91 140 60 47 124 137 160 112 167 166 21 89 95 115 109 182 120 19 142 17 5 138 116 104 190 26 57 129 174 152 59 146 122 102 168 77 149 163 199 191 73 82 72 192 80 39 118 90 16 29 107 131 119 169 51 61 42 67 8 113 12 46 41 158 63 1 150 34 78 193 27 125 165 127 108 161 156 28 121 155 106 198 147 31 23 52 111 15 9 7 65 101 20 100 93 136 200 189 135 176 162 188 22 88 153 13 187 185 44 58 35 69 87 164 99 141 6 197 38 145 97 173 96 84 81 144 130 71 24 110 74 143 53 56 2 184 117 92 45 33 157 94 68 154 11 55 49 75 32 85 79 86 170 37 10 183 123 14 70 195 
200
34 170 183 113 109 146 155 159 128 63 177 52 195 172 97 84 5 127 22 175 14 152 112 82 57 98 102 190 122 29 17 15 73 116 75 161 181 139 54 123 19 32 196 111 41 80 199 200 27 156 138 133 141 37 157 20 51 163 25 110 191 107 194 179 120 101 154 162 83 108 88 71 136 12 99 68 173 94 188 8 178 165 151 6 44 189 95 38 18 72 93 11 7 74 132 160 125 147 85 143 53 10 40 45 131 168 167 198 1 148 77 46 185 36 16 130 33 164 21 187 65 100 105 35 192 186 92 182 115 81 23 87 124 58 117 61 176 69 3 114 62 70 135 129 150 106 153 134 104 59 119 184 56 26 96 158 64 149 60 91 76 193 197 9 174 90 24 48 103 4 79 126 31 39 43 121 145 2 47 28 86 180 50 42 78 171 30 137 49 118 166 55 13 89 144 169 67 140 66 142 
200
160 27 198 74 144 61 31 25 48 20 94 62 67 126 137 93 76 143 88 146 145 81 99 66 106 189 115 8 73 69 147 134 71 111 181 133 184 122 4 38 5 138 186 13 83 125 101 153 166 188 63 104 22 47 183 96 114 170 163 132 7 100 68 82 135 33 84 151 174 190 6 110 102 64 187 79 195 139 28 182 26 171 21 107 141 59 157 177 179 164 57 124 154 196 175 43 16 56 129 105 86 1 194 117 130 118 53 2 52 29 89 127 24 10 95 176 40 140 85 65 156 51 148 12 42 80 197 54 167 14 90 98 44 17 172 162 35 34 11 120 191 72 169 168 97 192 149 165 200 161 123 60 158 70 9 37 49 46 41 50 112 36 30 185 199 142 75 121 92 78 103 87 178 119 55 32 113 150 15 19 159 109 23 193 108 152 131 136 155 180 77 173 58 39 45 116 18 128 91 3 
200
3 166 98 36 134 61 176 5 10 69 40 152 28 177 190 88 195 111 138 11 117 159 52 119 200 83 130 41 131 187 75 6 99 101 157 104 68 91 194 129 100 95 103 64 31 160 164 170 47 54 39 85 32 184 17 128 43 180 178 29 127 81 149 102 76 116 7 171 1 196 122 35 197 79 27 183 71 51 87 48 21 181 155 37 90 97 14 9 173 8 30 161 115 18 185 50 154 153 86 139 142 150 163 126 24 189 112 38 136 89 33 168 143 186 146 2 42 62 110 66 12 132 73 92 137 46 108 114 179 23 44 49 109 19 165 113 26 56 57 72 4 106 123 156 15 65 82 188 182 107 22 148 198 151 193 175 144 145 80 34 93 96 70 20 53 13 16 63 191 174 169 58 140 125 55 94 120 133 162 172 84 121 147 118 78 74 67 167 25 135 158 199 192 60 141 45 59 124 105 77 
200
162 65 53 47 192 50 125 187 23 37 18 34 129 131 29 169 1 67 99 166 66 8 165 85 15 28 75 199 38 145 36 139 33 190 32 86 82 185 127 27 109 11 117 51 20 95 132 16 195 52 115 110 30 84 102 163 100 22 180 40 144 17 98 80 174 156 104 4 70 31 128 177 78 79 152 39 3 121 19 164 64 179 2 35 197 160 124 120 24 146 9 119 87 108 178 150 123 112 43 138 73 77 94 72 191 173 111 6 91 101 149 105 167 142 26 143 154 189 90 147 97 71 5 155 159 118 161 141 137 83 56 45 116 57 151 136 42 63 14 182 12 89 59 170 158 135 48 58 96 92 186 61 198 140 41 157 68 153 181 126 130 10 133 188 54 194 88 25 76 113 60 196 106 176 81 93 107 193 172 55 183 168 69 21 134 7 62 49 44 175 122 74 13 200 114 103 148 46 184 171 
200
136 196 104 87 18 15 127 145 9 91 124 107 184 120 50 21 60 161 102 189 101 10 176 193 148 85 138 125 48 5 69 135 179 31 165 110 115 1 82 90 44 182 117 183 163 175 93 123 47 128 33 187 192 56 40 185 112 126 150 99 109 98 168 42 119 114 49 178 139 200 105 116 149 199 8 70 14 12 198 166 157 97 156 174 113 118 22 79 28 81 75 89 86 162 13 43 63 27 25 188 121 36 131 52 68 53 7 122 37 169 32 153 147 142 64 158 95 141 54 137 154 111 84 78 65 167 164 103 152 140 73 151 190 197 71 100 29 191 74 2 83 17 144 35 186 6 19 39 106 57 108 76 58 88 134 160 38 26 16 67 194 20 24 34 133 181 143 41 51 129 96 72 173 61 80 55 130 170 171 11 23 159 146 172 155 132 180 30 92 66 45 59 94 3 177 4 195 77 62 46 
200
37 31 196 26 102 184 170 140 103 150 66 194 13 82 74 161 101 163 193 159 156 20 181 93 91 75 86 142 113 119 32 10 136 134 57 174 126 81 157 35 116 133 180 11 29 188 147 84 135 2 166 85 88 191 61 128 154 67 76 77 143 55 94 185 33 151 79 118 28 18 54 53 99 7 153 36 69 65 62 169 177 111 47 16 39 50 46 168 120 198 78 137 175 92 124 72 171 59 179 104 199 34 192 17 172 97 25 22 109 98 100 9 164 146 49 162 107 24 190 90 14 96 8 38 56 63 123 27 141 108 110 122 52 127 30 183 5 173 83 132 182 130 114 145 115 73 160 144 148 112 68 200 117 89 139 12 178 197 195 95 138 106 121 105 40 51 155 43 3 71 131 125 70 64 15 4 41 167 165 80 149 129 45 48 6 176 87 23 58 152 21 158 187 1 60 19 44 42 186 189 
200
162 67 108 31 52 59 130 33 113 129 136 107 147 177 140 57 150 4 121 164 169 39 132 182 191 184 41 13 96 198 81 199 45 69 110 2 78 115 9 34 97 159 94 118 80 46 58 55 74 124 170 103 63 128 131 5 76 171 24 77 152 144 160 48 50 134 123 117 183 36 66 104 193 40 29 72 106 21 27 109 90 200 119 142 22 37 30 93 15 163 168 195 91 23 100 175 88 155 181 64 19 149 148 180 68 174 71 56 92 137 18 60 99 153 35 101 127 98 179 73 156 190 135 7 125 10 65 75 122 192 84 53 189 139 17 173 154 42 172 146 79 51 158 54 111 187 16 151 43 49 133 166 102 85 112 61 138 82 83 105 145 20 141 194 185 197 120 70 161 167 87 178 38 116 26 126 8 32 86 143 95 186 176 25 28 14 62 89 157 6 165 188 114 3 1 196 47 12 11 44 
200
6 96 195 183 61 129 14 107 35 149 154 185 198 139 193 133 25 73 92 137 81 38 182 44 110 101 21 48 152 95 167 3 108 168 1 17 15 50 109 87 39 192 172 19 32 150 71 180 189 136 127 79 162 23 175 118 57 76 13 103 52 155 111 134 46 117 11 143 160 84 7 80 142 55 176 184 121 62 186 67 94 91 74 199 188 10 86 20 151 102 119 187 174 2 196 49 156 90 8 190 113 63 27 18 28 170 132 123 34 145 138 43 65 181 78 197 177 146 41 72 122 179 4 77 116 89 66 69 45 173 47 33 30 112 68 169 26 147 58 194 128 171 157 126 124 125 105 115 178 88 40 93 99 75 29 158 16 164 59 100 36 144 42 83 64 159 60 98 51 114 200 140 82 148 130 163 24 70 12 191 104 9 106 37 53 165 161 135 54 153 22 85 97 56 141 120 166 31 131 5 
200
169 98 124 2 117 62 158 92 21 188 100 66 122 191 76 153 193 129 80 41 116 37 179 103 121 195 110 27 72 9 173 61 60 18 192 77 186 29 102 108 56 1 58 172 161 39 147 5 125 64 197 190 65 57 30 176 115 78 79 96 141 101 24 86 132 23 123 11 162 83 70 22 40 48 33 189 136 180 157 142 120 118 75 131 94 81 13 46 160 155 198 52 151 119 127 55 99 163 44 183 113 7 177 112 107 19 32 84 150 26 49 143 63 184 146 174 69 42 89 91 87 14 156 45 175 54 144 74 166 20 106 73 85 90 200 4 199 10 187 134 194 95 139 159 36 12 114 17 133 137 149 47 3 165 43 6 82 15 168 140 31 93 53 145 104 138 34 178 71 25 105 8 88 185 126 50 196 128 182 130 51 181 68 164 38 35 111 148 167 152 16 67 28 135 59 170 109 97 154 171 
200
55 83 200 98 99 25 125 117 43 27 95 198 41 29 167 161 22 110 87 158 16 124 114 3 122 113 185 46 104 112 123 137 139 59 20 75 194 45 173 92 106 67 165 193 183 153 160 136 154 196 105 2 94 39 76 199 190 100 169 130 97 12 186 108 80 53 64 18 91 35 101 103 192 44 155 21 40 180 138 11 57 171 49 120 13 36 54 179 168 15 143 33 74 24 116 144 84 62 157 37 178 109 174 79 197 148 14 111 26 152 147 159 102 135 141 176 8 96 10 51 191 188 184 115 66 17 34 30 7 162 65 140 78 166 150 9 38 52 61 195 177 48 73 156 19 131 31 88 128 23 126 42 82 146 81 163 133 170 134 63 118 69 132 47 175 107 90 187 4 182 28 181 142 86 85 32 127 93 145 129 89 151 119 72 50 1 60 164 68 6 172 71 77 121 5 56 58 189 149 70 
200
133 200 130 24 115 163 34 52 46 182 11 62 43 81 191 96 124 199 2 112 12 134 151 141 56 111 49 17 165 67 39 155 179 100 117 63 82 92 172 99 150 110 189 90 126 58 50 27 66 44 83 85 51 20 177 181 45 123 25 175 131 186 167 125 30 89 158 156 55 35 143 7 194 69 166 29 153 102 32 8 95 68 64 154 187 122 185 109 80 97 197 42 103 173 136 98 190 147 31 78 16 149 72 135 119 65 188 79 142 176 33 161 148 61 13 57 106 146 174 137 60 118 74 19 101 1 138 9 180 120 144 171 26 15 91 76 170 160 75 18 121 94 36 22 145 28 107 193 164 73 113 14 152 6 23 195 159 93 104 87 105 116 71 40 84 127 10 183 184 132 196 192 108 21 168 4 37 128 157 59 162 140 3 5 48 53 41 139 129 38 70 86 114 198 54 47 77 169 178 88 
200
99 8 188 89 200 104 155 172 136 185 166 33 47 23 114 171 55 26 108 109 49 110 25 129 6 32 168 139 30 13 167 42 11 93 66 4 72 177 56 1 120 124 40 181 197 102 52 118 14 91 59 195 92 19 184 53 126 79 189 36 194 175 112 67 20 57 16 46 24 98 5 123 9 151 145 41 88 161 51 134 15 2 117 141 81 133 62 63 180 34 28 150 193 105 17 78 170 173 179 130 7 96 153 127 38 76 154 106 50 10 169 31 27 77 147 186 191 131 61 142 148 58 116 143 29 64 83 71 196 115 95 101 125 111 68 12 190 86 18 69 121 65 198 132 39 74 103 54 45 107 157 128 87 146 176 97 44 164 73 43 156 85 174 94 122 21 183 160 84 149 119 100 138 140 35 137 80 82 60 37 48 187 163 152 3 22 75 158 159 70 199 182 113 165 135 162 178 90 192 144 
200
25 156 60 73 53 158 101 34 6 153 102 165 64 183 55 108 41 136 138 27 114 128 147 169 96 82 112 117 164 59 125 35 130 146 39 65 188 75 91 16 129 9 42 32 78 175 182 54 33 19 131 93 36 71 12 148 74 47 104 98 161 133 127 11 132 198 5 154 163 187 190 152 100 144 46 10 150 121 113 22 184 38 139 166 67 58 26 145 160 77 87 141 162 191 159 197 15 30 99 88 173 111 151 120 199 17 21 168 155 92 70 66 110 177 80 181 115 68 124 76 107 122 94 179 13 37 23 81 49 170 62 109 103 3 24 79 57 18 195 48 89 116 52 28 97 186 85 20 119 176 196 61 140 106 95 14 135 193 44 194 123 83 172 84 29 4 200 56 105 126 180 1 40 192 69 45 7 149 157 167 171 51 90 72 142 31 8 63 134 174 86 137 43 118 189 2 185 143 50 178 
200
84 145 100 128 186 68 120 17 43 29 107 51 88 113 115 85 179 165 188 169 143 116 60 114 136 198 173 99 44 86 66 9 73 89 177 187 175 132 6 117 91 130 126 189 61 183 174 94 109 106 164 153 58 45 193 59 39 154 184 13 158 151 63 181 162 48 200 159 119 55 72 144 192 110 124 161 105 65 185 93 46 131 141 123 15 102 41 31 77 195 104 90 157 78 2 138 147 49 27 140 133 98 178 155 156 95 129 150 97 199 76 121 40 194 47 137 33 148 112 80 142 22 172 71 160 166 196 74 24 7 62 168 32 180 135 82 163 134 75 8 197 92 118 4 152 14 50 37 16 103 70 170 28 23 30 83 21 53 52 12 108 26 139 190 127 34 79 10 56 191 5 146 36 42 111 57 122 176 35 87 20 54 96 171 67 101 125 81 19 11 149 182 1 167 38 3 18 25 64 69 
200
106 18 37 92 16 119 97 89 55 67 179 85 152 153 22 105 96 59 100 53 3 128 44 54 176 91 21 58 10 172 134 112 171 115 45 117 32 72 178 155 9 144 33 95 132 80 20 145 2 200 121 186 154 148 163 28 136 118 98 34 19 182 70 12 94 151 6 140 1 156 76 49 4 169 124 184 150 195 71 159 93 27 127 90 29 7 129 190 194 173 185 66 161 14 143 68 107 157 8 197 103 138 188 123 23 183 63 42 149 130 137 122 77 30 39 108 51 120 17 168 69 116 36 60 43 40 114 167 177 141 113 82 170 46 87 81 142 102 101 74 48 62 180 65 35 191 13 165 125 160 11 187 164 158 146 110 181 86 41 5 198 196 61 47 26 162 79 57 126 104 52 109 38 166 139 135 31 133 24 189 84 83 192 15 73 64 25 131 111 174 50 199 75 88 175 99 78 193 147 56 
200
24 104 1 178 143 90 94 29 37 14 134 116 65 103 79 106 87 153 151 55 52 149 172 80 186 60 195 69 156 34 120 91 99 197 85 7 81 161 180 111 16 64 74 148 166 158 53 196 26 77 130 115 21 184 75 136 122 154 185 32 175 92 45 62 100 128 182 176 105 43 63 42 190 56 25 112 78 152 83 163 173 155 18 169 199 127 171 170 35 191 44 126 142 150 97 95 23 57 4 110 179 6 41 192 129 9 108 118 114 164 146 73 96 160 109 28 33 8 107 30 61 117 20 84 13 135 54 183 102 188 140 144 76 51 88 40 198 38 89 101 17 48 119 2 31 82 137 3 138 174 5 123 47 177 193 11 19 36 159 66 59 141 27 167 124 187 181 49 189 12 162 139 58 125 200 98 72 67 157 50 168 121 10 71 46 145 15 70 68 131 133 194 132 93 39 113 147 22 165 86 
200
84 6 26 171 129 44 46 118 195 174 66 103 142 69 20 163 154 75 59 112 187 63 192 191 81 178 199 78 58 54 121 132 5 185 3 47 10 137 167 101 71 164 83 166 168 173 122 11 48 97 146 72 51 36 125 35 67 116 153 124 93 144 16 38 9 23 133 95 19 14 90 140 76 39 107 158 175 148 7 17 18 139 145 197 176 77 62 104 196 156 147 27 179 162 41 170 102 106 85 25 15 68 98 128 157 150 37 53 80 109 188 186 42 96 119 111 50 105 190 181 56 99 43 32 34 30 131 130 28 135 115 143 65 117 127 114 126 180 92 40 183 70 182 91 149 108 87 13 110 61 52 31 4 33 141 198 113 184 22 165 1 94 160 8 45 49 169 21 64 138 177 2 151 172 88 24 189 193 123 155 152 100 29 57 74 79 60 120 55 73 161 136 200 89 159 134 194 12 82 86 
200
161 2 4 132 133 3 44 182 11 16 36 142 146 71 158 150 192 153 58 129 34 137 96 25 148 92 90 33 19 84 126 24 189 29 127 63 17 47 122 186 89 102 106 113 81 52 114 195 27 53 190 65 107 194 79 105 26 76 94 83 124 1 135 188 50 112 130 116 93 151 66 78 191 99 22 46 88 15 60 147 163 9 156 103 51 98 118 95 41 39 61 181 18 184 72 200 185 69 110 145 10 13 170 172 128 176 54 68 115 57 100 30 169 31 7 59 86 175 141 56 134 157 120 136 5 140 82 108 165 117 74 21 12 168 70 152 139 32 125 171 183 149 138 164 167 38 119 48 28 62 97 55 42 131 123 73 6 75 77 101 49 121 8 180 198 144 197 173 199 87 155 14 91 45 111 154 187 179 64 193 37 174 80 160 85 20 196 43 104 40 159 35 177 166 143 67 162 109 23 178 
200
146 159 92 69 58 124 135 191 160 20 36 94 106 138 95 77 129 141 33 145 121 50 110 168 98 81 52 116 172 140 18 28 13 89 80 40 62 43 177 57 60 71 49 88 118 151 93 27 166 200 122 79 23 186 189 153 188 111 164 184 149 66 136 163 175 96 84 113 97 123 152 192 86 148 139 156 137 16 39 82 179 119 154 8 147 171 9 108 165 63 107 196 48 182 47 115 157 75 114 53 3 99 102 5 143 12 193 126 68 34 72 105 104 21 31 130 155 6 54 15 161 70 127 78 128 101 59 170 125 37 158 190 198 41 144 162 7 65 46 11 133 109 45 194 167 51 4 17 173 42 30 185 117 169 22 19 91 87 61 183 134 38 181 73 14 32 174 100 180 26 29 178 67 64 56 74 35 103 24 85 112 120 195 150 176 83 132 55 142 197 44 1 199 90 25 187 131 76 2 10 
200
65 37 199 112 60 39 52 170 94 50 47 29 17 136 68 193 42 30 95 70 131 200 82 191 148 90 168 53 186 144 79 87 120 129 184 158 175 113 121 45 173 133 157 83 111 23 115 19 104 117 16 22 85 34 161 31 128 40 59 189 44 174 190 55 43 62 171 51 28 166 124 77 69 2 192 188 156 6 162 100 88 179 194 160 81 187 11 97 61 20 98 126 167 165 8 33 73 15 135 9 109 132 3 152 106 105 71 110 93 25 101 197 66 10 24 155 185 41 63 146 67 48 102 32 1 26 4 36 169 92 159 181 164 118 78 27 86 153 142 103 180 21 150 183 163 138 72 107 137 116 177 141 108 18 46 5 84 114 57 149 178 119 145 196 139 14 99 176 143 172 96 89 91 147 123 122 49 64 154 12 134 74 13 140 76 130 54 58 38 182 198 75 195 125 35 127 151 7 56 80 
200
127 107 141 185 188 23 190 4 134 99 197 131 57 18 200 92 87 90 150 118 165 40 19 181 81 112 28 2 132 193 167 175 186 133 8 44 93 6 122 195 7 135 192 9 55 24 67 157 62 187 143 176 103 82 30 35 128 52 64 15 170 54 178 129 142 183 154 194 115 51 101 78 42 117 16 13 116 159 196 53 180 179 121 1 152 61 160 73 71 124 69 66 97 84 114 119 111 3 137 85 139 182 147 77 126 169 41 174 153 49 72 45 130 156 80 145 22 65 17 171 98 38 34 109 21 100 32 58 25 91 10 161 94 106 27 60 83 50 168 37 166 184 48 33 63 198 189 88 14 76 123 102 68 172 164 31 26 191 177 105 163 39 95 136 113 155 149 36 144 148 120 89 47 59 173 29 125 86 20 162 43 146 46 12 151 74 75 108 96 140 5 79 199 104 110 11 138 158 56 70 
200
172 106 152 134 13 116 101 73 28 81 77 156 142 90 17 148 68 23 111 157 151 65 139 3 200 39 59 74 194 190 168 57 136 195 170 173 47 2 22 144 21 174 94 41 163 127 24 48 133 188 12 88 31 18 14 196 128 44 9 138 92 110 175 82 104 181 112 114 178 103 124 33 54 62 187 45 135 63 51 70 61 184 155 180 105 137 52 95 53 185 199 176 60 141 158 98 34 159 99 123 131 4 91 20 85 192 58 96 69 193 67 102 26 64 76 83 8 145 50 38 32 27 167 11 165 1 75 197 117 179 86 162 30 49 120 130 87 149 89 72 84 146 160 166 29 182 140 19 129 35 191 169 25 93 122 42 171 5 56 15 132 43 37 125 46 71 80 164 16 118 183 147 55 198 119 154 10 150 36 79 40 108 177 6 97 126 66 107 109 113 161 115 186 121 7 189 153 78 100 143 
200
20 41 43 87 12 90 32 70 99 200 4 47 29 137 28 116 51 168 180 86 178 109 110 14 170 140 115 197 34 44 10 171 82 77 181 64 172 157 152 192 127 176 103 107 81 6 183 80 153 16 122 67 191 105 5 124 131 193 11 3 185 144 22 38 37 145 199 94 58 149 130 142 106 9 31 18 139 66 73 143 30 23 62 17 134 48 128 175 60 57 71 84 1 78 91 61 190 179 195 112 167 174 13 147 15 74 35 125 24 68 132 198 141 162 150 166 63 27 56 177 49 25 104 96 196 148 155 39 156 69 114 55 100 126 169 117 89 189 164 187 136 113 121 123 42 83 79 2 36 158 93 45 182 129 165 138 101 76 72 21 85 95 19 154 54 186 108 46 119 59 163 160 65 111 184 146 53 194 161 98 92 135 8 118 151 26 97 75 159 52 7 173 88 40 102 133 120 188 33 50 
200
149 172 164 91 45 89 11 51 49 158 78 107 132 63 8 151 192 44 113 10 82 154 32 134 83 90 191 112 28 125 157 47 159 173 129 15 169 100 27 17 148 75 85 174 35 54 130 19 156 101 187 108 190 43 87 40 12 13 163 55 36 127 181 111 94 93 48 58 74 183 126 106 23 88 60 37 29 176 65 177 193 14 6 198 20 119 59 140 197 41 77 131 46 25 80 102 39 61 16 128 135 123 56 196 96 64 18 7 62 38 199 168 115 103 9 150 2 98 171 66 79 185 120 4 137 170 155 143 167 34 160 175 133 84 124 81 42 186 26 152 153 182 114 116 97 99 141 50 21 110 146 86 67 147 188 69 53 195 178 76 73 1 57 22 71 31 118 165 139 161 122 184 52 121 72 70 117 162 33 30 109 92 180 200 166 138 136 194 95 145 68 105 5 24 142 3 189 104 179 144 
200
70 56 43 166 172 151 60 143 25 41 1 10 86 113 34 7 105 53 36 49 186 141 37 11 29 110 46 156 17 142 40 9 45 112 21 39 66 92 121 178 114 193 159 38 162 5 183 50 106 55 192 67 18 144 170 154 189 129 35 169 89 87 82 91 187 107 200 3 125 42 44 184 104 163 98 74 15 147 139 48 157 51 136 61 132 127 103 13 65 168 198 116 195 88 30 115 22 28 199 134 27 83 99 47 123 93 68 158 85 118 108 84 33 73 62 79 152 164 126 145 181 19 135 140 175 148 77 197 160 4 59 76 182 120 57 128 176 14 20 63 2 71 119 69 185 188 153 81 26 101 150 111 52 8 196 167 177 180 94 171 131 58 31 102 24 23 72 32 12 173 64 109 96 124 190 161 149 165 137 191 16 146 174 6 90 54 100 122 80 117 194 138 155 130 133 179 97 75 95 78 
200
122 80 121 82 70 47 23 150 3 64 148 178 7 77 174 43 11 118 34 144 8 163 36 141 54 49 133 110 16 147 14 79 154 188 2 94 41 155 31 60 153 38 125 101 193 134 168 15 40 170 37 197 171 182 136 137 176 194 33 71 162 89 24 183 181 112 30 132 108 44 27 159 32 9 88 83 73 130 96 75 166 21 91 200 65 128 84 57 161 131 18 50 90 186 86 138 46 198 61 68 22 135 4 196 109 42 100 87 115 157 59 156 58 66 39 180 113 1 17 139 152 26 97 199 173 104 106 69 111 160 192 116 143 10 99 158 74 123 67 114 145 189 63 184 103 151 28 129 95 55 19 92 48 172 126 81 165 127 25 51 124 52 6 191 119 20 142 179 56 167 175 93 117 85 187 190 78 62 76 13 72 53 29 164 35 102 195 177 149 140 98 185 120 45 146 169 12 5 107 105 
200
35 98 190 153 86 173 82 141 175 189 38 165 73 27 160 185 169 12 140 157 5 76 40 126 87 127 119 7 145 80 9 25 182 66 21 192 187 94 14 8 44 112 170 47 129 90 60 68 62 134 120 23 184 11 131 30 176 78 177 52 136 75 56 150 152 22 195 16 2 100 46 194 178 158 163 77 81 155 32 39 115 125 200 1 72 93 20 130 151 128 36 10 162 166 67 106 63 154 179 196 161 197 51 42 64 186 26 149 65 37 144 45 113 4 28 181 156 110 74 138 97 105 168 48 103 88 49 79 24 53 96 55 137 183 29 83 117 193 102 15 91 172 114 13 143 104 43 3 107 95 84 58 33 123 118 89 116 171 159 199 142 54 174 59 180 34 41 92 70 109 188 191 31 148 85 17 108 146 132 121 198 99 57 167 71 122 135 133 19 147 164 6 69 124 18 111 61 139 50 101 
200
72 166 150 116 60 137 121 125 157 192 21 175 29 2 194 134 107 88 94 79 140 77 53 18 133 8 176 127 90 117 61 98 96 91 35 118 156 119 173 39 62 13 188 89 7 189 109 190 197 23 16 80 1 81 30 101 162 196 25 66 68 65 161 126 160 178 52 36 31 51 11 50 70 86 49 165 103 58 84 22 105 135 56 102 136 132 45 46 112 146 158 42 149 141 198 154 32 174 153 34 142 78 76 44 199 9 138 40 100 168 17 95 155 195 3 59 152 170 74 145 27 15 179 57 5 71 128 26 114 37 144 20 43 55 67 180 185 104 184 148 14 122 12 10 110 73 28 143 131 97 48 167 191 139 64 54 92 123 187 24 177 193 75 33 93 85 41 38 200 111 99 147 47 164 6 169 87 83 120 124 63 115 172 129 181 108 159 82 19 182 151 69 183 113 186 106 171 130 4 163 
200
21 135 29 66 177 8 131 194 97 95 132 86 143 139 192 174 65 11 72 176 193 155 81 96 151 108 179 16 79 125 156 30 185 113 118 199 44 10 91 1 107 190 59 115 182 70 109 98 46 84 106 62 102 76 119 103 168 69 116 200 172 100 189 114 104 105 146 148 141 129 170 39 54 136 165 20 18 26 120 187 22 130 180 77 142 152 19 27 82 112 71 94 195 34 88 31 111 171 40 197 121 164 169 61 58 140 67 24 68 13 73 35 99 64 55 178 133 149 124 63 92 138 181 145 144 128 56 198 188 83 161 23 52 123 45 166 159 2 153 4 184 15 87 38 32 14 101 160 36 37 127 80 49 134 117 12 47 53 33 41 191 25 42 57 196 3 175 158 137 43 93 147 167 74 51 60 183 150 157 28 75 89 17 110 162 78 90 154 9 7 122 50 186 6 163 173 126 85 48 5 
200
56 92 98 97 24 118 111 77 46 21 65 148 191 171 117 20 53 140 33 15 13 68 91 125 50 137 89 170 155 181 157 189 186 6 27 67 160 168 90 102 61 131 200 193 177 10 3 30 142 151 11 110 22 17 93 184 57 162 123 175 79 87 143 40 55 128 165 66 135 73 146 58 149 76 70 182 185 115 37 194 180 153 69 183 29 86 74 101 71 147 139 41 35 59 198 88 75 95 112 104 64 38 179 167 54 116 129 25 80 4 12 145 81 197 105 108 45 120 14 85 83 78 136 19 127 132 7 154 161 1 192 99 138 124 150 187 169 172 163 96 196 42 43 52 62 141 159 72 188 173 156 23 134 100 113 107 114 63 16 2 199 32 152 119 190 126 122 176 103 130 60 49 8 121 166 36 9 28 174 5 82 44 51 106 178 195 34 133 39 26 144 109 84 31 164 48 94 18 158 47 
200
48 163 115 101 181 166 183 113 179 198 184 191 86 89 96 97 18 157 117 56 75 129 190 10 81 69 3 94 21 135 32 182 72 137 82 160 46 52 90 161 193 26 136 140 93 95 123 42 150 49 20 40 139 12 108 37 130 156 144 28 55 57 125 100 25 147 77 83 145 126 36 133 131 188 98 105 178 58 23 84 17 66 170 88 19 2 38 35 132 79 122 118 31 177 121 169 164 187 24 99 85 174 195 114 155 151 51 67 15 159 43 6 22 167 1 168 50 142 153 71 9 116 141 39 128 7 68 165 65 185 102 196 148 127 54 33 143 154 186 30 60 152 199 158 76 189 4 120 111 53 180 124 29 44 176 112 149 70 13 62 41 119 34 8 200 78 14 146 194 109 175 16 138 47 87 171 27 107 61 103 192 172 11 134 64 92 110 197 173 5 45 59 80 74 63 91 162 73 106 104 
200
50 113 114 192 170 83 106 183 46 8 81 107 33 181 63 144 42 38 109 76 143 92 20 86 135 71 4 129 90 61 39 148 48 78 128 196 198 146 82 13 145 186 104 130 111 28 189 165 60 110 178 45 62 47 75 105 3 72 70 122 2 131 119 185 166 112 123 73 56 69 138 184 54 188 139 101 133 121 15 168 12 102 31 25 120 103 65 34 5 173 127 6 132 95 7 49 154 197 77 53 136 117 180 190 137 10 36 126 51 99 94 151 64 175 67 163 169 52 84 9 74 152 40 17 91 1 162 37 116 97 142 26 59 193 194 155 14 200 108 30 164 140 157 29 191 57 23 35 85 153 156 98 172 118 11 171 96 58 195 87 16 21 141 160 27 44 115 22 179 158 176 149 24 43 68 174 89 18 177 100 199 161 187 32 79 147 167 19 55 66 159 88 41 93 124 182 125 134 80 150 
200
32 14 166 58 116 7 79 78 124 173 41 152 117 71 187 189 192 12 39 17 35 137 55 174 38 27 111 103 110 106 147 175 40 25 130 86 15 20 136 88 118 172 87 176 194 3 102 98 191 148 144 61 11 170 65 1 22 119 138 123 70 196 93 126 165 63 29 193 54 109 132 16 169 104 47 129 19 30 89 31 10 114 49 128 64 113 153 52 53 200 73 43 21 23 74 75 60 122 164 51 127 149 141 183 161 72 188 9 80 45 143 197 57 151 190 84 160 156 24 6 56 33 83 184 44 34 131 66 13 150 42 69 185 145 68 157 140 195 155 115 168 146 5 135 167 82 107 139 163 37 2 101 77 99 85 4 180 181 90 96 121 59 81 198 171 134 76 178 26 154 92 125 48 186 177 108 142 8 158 95 112 162 179 133 159 199 18 97 67 62 105 182 94 50 46 28 91 120 100 36 
200
52 100 65 133 178 66 107 177 80 93 162 64 70 165 140 42 62 11 161 160 9 108 8 151 74 154 131 5 184 106 71 170 196 198 137 22 102 141 86 191 41 17 190 43 119 172 175 171 95 59 81 96 121 69 29 125 83 47 49 186 144 77 78 75 145 24 143 13 25 124 115 26 90 99 37 10 122 76 109 200 57 142 85 18 1 195 193 114 182 14 28 112 173 111 163 156 166 54 21 126 158 132 15 44 138 120 176 53 97 32 149 60 51 189 84 68 150 7 67 123 91 157 103 199 134 168 27 139 187 31 3 169 34 23 179 130 16 181 72 117 38 136 6 188 63 50 30 164 98 45 56 185 194 61 19 48 89 82 153 105 147 192 155 152 118 129 79 87 55 92 2 128 127 197 4 12 167 58 174 73 46 148 39 159 94 40 104 116 101 146 180 20 88 33 113 183 36 35 135 110 
200
84 60 17 107 141 14 93 86 200 159 25 90 28 125 97 149 102 123 81 8 185 151 74 96 9 168 184 32 21 35 121 85 58 115 190 91 59 7 182 192 89 20 187 19 12 69 64 163 50 72 112 104 162 106 57 191 63 114 196 119 6 75 49 65 132 30 54 118 130 171 110 4 33 40 45 174 11 61 31 129 48 145 138 44 139 34 46 169 26 193 186 66 18 68 43 183 147 117 67 199 79 101 73 180 134 80 41 88 156 160 146 62 47 128 16 103 98 178 161 83 175 189 10 39 181 143 153 109 36 78 131 157 92 172 53 105 1 177 3 24 120 188 100 2 176 165 173 5 55 71 77 142 111 195 140 155 135 87 42 38 167 154 108 198 76 133 127 136 51 144 150 124 22 37 70 95 197 158 170 29 23 164 56 148 94 166 122 113 99 194 126 116 137 152 82 13 179 15 52 27 
200
167 130 181 29 168 148 186 165 132 145 92 47 102 82 46 140 176 149 192 74 24 35 189 64 8 93 110 77 120 15 90 36 134 95 159 48 49 63 129 178 78 169 138 91 184 58 23 135 115 97 5 124 71 12 151 40 14 137 103 44 85 155 10 143 66 108 17 127 126 147 173 116 200 13 16 6 187 94 1 131 11 101 22 163 73 75 52 51 122 141 150 19 86 170 199 164 2 65 37 133 153 18 41 72 175 166 67 50 81 197 185 114 26 105 195 30 56 128 125 20 39 76 190 61 136 27 158 123 172 118 98 89 113 111 99 171 198 146 144 193 196 194 180 179 25 183 119 69 55 100 38 160 70 79 96 32 4 3 156 57 152 62 68 80 109 43 191 157 54 154 117 42 162 84 104 174 21 83 106 45 53 139 112 121 177 9 28 142 182 88 161 60 87 33 107 188 31 59 7 34 
200
10 110 58 91 69 103 128 153 122 75 198 147 25 76 32 27 138 145 151 18 117 190 167 63 112 56 172 175 137 31 37 78 181 195 184 191 109 121 105 115 114 4 187 152 186 20 9 102 125 197 106 21 188 68 96 185 77 178 165 89 101 159 19 116 67 164 54 87 5 33 158 196 30 127 71 15 79 161 55 83 143 49 8 24 70 52 162 60 34 26 170 130 65 53 157 124 166 154 149 62 1 182 82 38 179 72 86 160 14 174 46 16 42 84 168 44 113 50 100 45 120 156 48 141 163 119 12 39 134 193 150 88 192 90 94 92 180 194 142 11 59 23 51 111 35 144 43 17 28 73 36 57 123 22 81 80 95 13 107 64 61 173 177 7 171 132 97 29 129 140 133 199 2 108 200 126 155 74 118 3 131 98 85 99 146 136 139 104 66 183 6 169 135 148 176 47 189 41 40 93 
200
47 145 189 194 121 133 18 138 23 112 61 60 13 11 188 120 169 103 55 69 34 51 92 74 196 161 105 136 50 191 158 72 119 83 102 172 45 41 168 178 190 77 36 122 26 157 88 160 10 29 118 94 179 185 99 137 22 142 181 200 173 163 104 97 114 111 75 106 199 25 100 85 141 33 66 54 67 71 20 81 17 9 124 159 78 7 27 151 30 170 135 15 91 167 115 90 44 21 129 183 147 107 89 53 76 143 38 8 86 113 116 68 156 1 192 128 180 49 110 155 150 79 132 5 125 109 108 154 24 126 2 117 162 82 166 70 31 197 6 93 16 131 12 176 63 174 193 165 40 96 144 95 175 19 148 177 28 130 73 32 123 43 152 39 62 182 127 164 4 84 64 195 57 35 140 184 171 42 187 14 134 153 149 80 198 58 65 37 101 56 98 46 59 186 87 48 52 139 146 3 
200
25 56 190 114 63 75 143 117 87 115 57 186 123 173 39 169 168 21 178 86 20 180 52 3 27 126 79 4 196 181 18 170 44 15 92 179 61 74 1 182 108 200 174 127 41 85 106 193 185 163 90 22 166 7 11 60 38 141 135 191 147 46 8 17 5 198 97 195 89 129 9 99 149 138 132 2 120 53 140 19 151 35 188 42 175 55 157 107 68 116 162 136 118 160 58 105 13 88 62 40 124 103 71 111 48 137 183 51 50 122 14 34 16 189 128 32 187 94 142 91 36 30 100 83 110 150 84 139 98 112 29 76 146 184 104 131 125 165 152 159 161 130 197 65 43 64 72 171 78 12 77 199 148 81 23 37 109 102 158 10 33 69 177 54 93 95 167 134 153 172 194 28 31 101 6 164 24 119 67 47 156 155 96 145 59 113 121 154 192 49 26 70 73 133 82 45 80 176 66 144 
200
139 129 199 113 21 71 7 56 75 52 32 50 164 176 36 29 62 98 116 140 27 4 48 128 147 155 159 200 5 102 87 88 47 190 124 162 187 77 189 107 46 183 35 169 160 91 39 141 72 171 195 194 168 111 136 177 65 44 173 123 184 40 1 103 188 41 64 158 94 73 79 99 114 119 92 127 14 25 82 49 161 175 198 23 42 13 146 43 153 150 31 2 110 51 144 76 165 95 59 163 115 108 185 97 192 80 101 66 89 96 3 145 54 167 118 12 112 104 9 134 22 135 193 132 11 90 117 122 170 17 60 152 157 30 130 106 28 58 74 67 131 70 6 179 181 10 55 149 45 133 182 37 109 174 172 121 81 178 156 84 186 83 105 191 19 61 24 69 53 142 33 180 93 57 196 86 68 16 197 166 8 15 125 26 85 137 120 143 148 34 151 100 138 63 38 20 18 126 154 78 
200
74 157 163 18 198 189 70 140 167 183 92 118 98 115 39 166 23 51 68 19 119 173 53 153 21 2 146 95 29 126 101 60 150 154 144 41 164 73 14 65 83 64 15 132 113 109 172 165 175 187 33 44 185 31 81 106 4 147 117 120 99 10 24 121 155 102 197 131 35 52 58 177 116 188 45 76 88 111 105 78 108 25 55 123 139 199 196 40 75 184 66 162 69 87 138 80 130 9 72 152 85 93 97 122 176 160 71 103 46 59 191 182 96 136 13 129 200 192 181 61 22 100 170 124 47 36 49 11 34 90 20 143 30 79 104 57 137 169 54 84 186 145 26 178 190 128 148 12 27 48 194 17 3 42 50 8 43 86 110 127 38 77 67 151 62 159 171 94 133 6 28 195 112 63 107 125 142 149 82 32 7 174 134 114 56 168 179 5 158 89 180 193 37 156 135 16 141 161 1 91 
200
79 167 80 54 73 144 178 132 148 7 50 36 18 97 8 61 56 153 82 173 49 68 159 23 5 3 27 37 91 125 100 88 39 34 12 78 143 20 163 113 119 1 106 81 107 57 53 118 187 135 99 126 165 52 2 170 11 156 74 130 140 184 186 147 154 164 13 174 160 25 77 194 196 123 115 128 179 95 136 146 104 155 195 168 28 124 175 59 162 16 199 65 66 32 182 193 191 129 158 171 138 197 121 150 134 19 22 87 151 29 51 101 30 92 46 192 166 62 4 131 102 55 90 24 112 26 96 142 189 185 145 14 137 60 75 15 176 70 84 83 94 157 139 127 76 188 38 98 9 63 72 120 108 183 200 35 177 114 133 85 110 109 93 117 103 33 45 48 67 43 71 47 17 31 180 44 64 152 41 190 6 21 58 198 172 111 161 116 40 69 105 181 86 42 169 10 149 122 89 141 
200
98 80 175 141 59 140 174 95 179 168 54 200 60 149 150 65 161 62 61 152 186 30 170 41 32 45 82 121 15 75 199 138 122 159 125 18 34 145 19 146 51 83 158 155 36 25 113 194 101 130 89 11 163 87 26 188 76 104 33 50 99 193 112 13 157 12 58 27 74 17 127 71 111 55 151 16 63 35 136 178 72 70 118 57 105 94 132 134 171 153 7 142 47 181 184 169 97 43 20 128 66 195 92 196 42 147 126 23 165 85 183 143 102 44 198 137 79 115 172 190 106 46 93 124 177 1 129 180 173 96 52 192 185 86 8 5 116 38 162 6 148 135 191 31 133 108 2 164 84 28 37 156 120 114 182 29 56 139 91 4 21 110 144 53 176 167 160 117 123 68 109 67 40 39 107 166 48 81 88 100 22 187 77 14 154 119 189 24 9 49 197 78 69 103 3 90 131 64 73 10 
200
184 56 137 176 197 144 8 183 81 131 40 87 179 34 32 157 177 51 159 28 198 60 121 124 14 128 149 147 185 192 36 23 88 55 12 48 182 117 52 6 103 49 67 132 57 68 116 134 11 193 141 19 66 77 105 135 119 44 61 99 83 181 154 104 113 54 174 130 127 45 30 187 43 70 69 143 123 178 9 158 94 33 125 95 92 59 191 78 153 100 37 186 133 126 21 171 195 160 72 22 25 169 156 10 146 91 17 85 148 145 196 38 58 46 20 111 39 29 62 26 86 42 74 35 102 93 118 164 53 106 167 89 200 175 163 120 194 65 139 96 18 170 168 90 173 189 3 79 75 2 71 15 190 82 98 47 101 50 110 5 138 64 162 24 1 109 150 114 166 161 76 97 188 122 4 151 136 140 115 152 63 31 7 27 165 112 199 41 84 80 142 180 108 73 107 16 129 155 13 172 
200
143 28 2 89 3 23 56 43 172 168 39 146 98 26 68 127 91 128 73 174 179 82 41 65 66 193 129 44 46 96 189 17 50 125 152 188 12 52 15 35 132 75 19 191 31 69 40 81 194 121 20 106 45 169 181 6 158 151 57 120 139 87 200 178 135 112 131 186 88 99 102 145 85 162 95 170 126 141 153 37 92 185 60 177 195 63 108 156 138 118 71 29 104 76 165 93 67 51 70 119 78 155 83 72 133 134 136 140 54 62 42 79 122 199 101 105 74 115 30 58 130 175 164 144 90 1 5 117 163 27 59 7 124 22 49 149 64 61 183 154 157 34 190 182 161 113 8 25 21 167 160 13 147 184 176 173 86 123 171 180 103 110 137 80 111 97 150 14 84 55 192 24 18 10 148 100 38 109 36 47 48 187 16 116 94 159 32 198 9 142 53 33 114 77 196 4 11 197 107 166 
