100
2 4
10 5
3 12
7 7 7
3 12
4 2 1
5 1000000000
25 25 25 25 25
2 2
1 1
5 5
1 1 1 1 1
5 448257424
1 2 3 4 5
5 915742169
18 7 21 11 25
5 808454886
22 22 22 22 22
5 10023058
23 23 23 23 23
5 809167704
9 9 9 9 9
5 902164341
15 15 15 15 15
5 522747521
24 24 24 24 24
5 350760462
3 3 3 3 3
5 220798702
24 24 24 24 24
5 563886736
25 25 25 25 25
5 630059710
10 10 10 10 10
5 130509264
12 12 12 12 12
5 608135088
11 11 11 11 11
5 526665227
13 13 13 13 13
5 549242922
23 23 23 23 23
5 180806478
14 14 14 14 14
5 723271018
17 17 17 17 17
5 382290011
20 20 20 20 20
5 408919570
3 3 3 3 3
5 36687522
14 14 14 14 14
5 154944313
22 22 22 22 22
5 234864662
3 3 3 3 3
5 125400808
17 17 17 17 17
5 33102236
9 9 9 9 9
5 294379562
6 6 6 6 6
5 746525916
15 15 15 15 15
5 457399407
4 4 4 4 4
5 339031040
1 2 3 4 5
5 459754649
1 2 3 4 5
5 801963011
1 2 3 4 5
5 886914518
1 2 3 4 5
5 142211842
1 2 3 4 5
5 522818418
1 2 3 4 5
5 80636019
1 2 3 4 5
5 220598389
1 2 3 4 5
5 709940595
1 2 3 4 5
5 68986381
1 2 3 4 5
5 13016689
1 2 3 4 5
5 17267295
1 2 3 4 5
5 884910446
1 2 3 4 5
5 636696568
1 2 3 4 5
5 26934414
1 2 3 4 5
5 100209900
1 2 3 4 5
5 519052073
1 2 3 4 5
5 690840300
1 2 3 4 5
5 475754669
1 2 3 4 5
5 332084772
1 2 3 4 5
5 191536130
1 2 3 4 5
5 820305075
1 2 3 4 5
5 533728661
1 2 3 4 5
5 178050821
1 2 3 4 5
5 290676793
1 2 3 4 5
5 727134203
4 18 12 19 25
5 215373548
12 9 22 9 19
5 727706197
18 24 10 19 6
5 107759545
12 14 6 10 3
5 764512775
1 4 13 20 22
5 48129367
20 23 15 20 12
5 262754857
3 22 21 4 19
5 516975048
21 18 21 2 7
5 826889427
16 23 14 11 18
5 710288367
23 18 1 16 16
5 398750301
20 8 16 5 2
5 591158892
14 11 3 2 12
5 370188822
6 9 16 18 11
5 367745235
12 15 25 15 5
5 931635735
3 25 13 21 7
5 529664709
25 10 6 21 7
5 819179023
6 2 4 6 1
5 748055080
21 17 22 17 23
5 623644212
5 24 9 14 12
5 795185200
20 1 11 19 22
5 522512970
18 21 16 19 3
5 365708832
11 11 11 3 21
5 463826665
18 18 22 6 2
5 391916231
18 15 17 15 23
5 444514705
20 3 9 19 23
5 596110729
8 8 5 12 18
5 612308113
11 4 11 24 17
5 596888258
20 9 16 16 20
5 462089357
11 24 2 11 3
5 408749484
6 15 6 11 19
5 878944748
5 20 23 25 25
5 705807135
11 22 23 6 8
5 81997763
15 8 9 1 6
5 7092373
25 11 2 8 21
5 98131024
3 3 5 6 13
5 476889709
5 18 21 3 11
5 825366788
4 18 11 10 5
5 789230878
25 14 1 13 19
5 771525741
18 23 5 20 16
5 627348886
19 4 14 1 8
5 804045096
14 13 11 17 13
5 585745764
14 23 6 6 18
