100
7
8 18
4 13
1 4
5 14
4 14
1 7
3 6
7
8 12
8 18
1 4
4 14
10 18
1 5
10 19
7
7 13
8 15
3 11
1 5
10 20
10 12
8 11
7
4 11
6 12
9 11
5 13
2 6
9 14
9 10
7
5 12
1 5
3 10
10 15
2 6
8 17
9 13
7
9 11
6 10
6 11
4 11
6 16
6 11
10 12
7
8 14
6 11
2 11
9 13
6 9
3 10
7 15
7
9 14
2 10
2 11
8 17
8 16
5 10
10 12
7
6 12
6 15
3 13
9 12
1 9
5 14
6 15
7
4 5
7 10
3 9
3 6
8 10
6 9
2 4
7
1 3
9 17
7 8
1 11
6 13
3 12
6 16
7
5 9
10 11
6 13
4 11
4 5
9 14
1 6
7
7 12
7 12
4 13
5 6
1 11
4 12
6 14
7
3 13
8 14
7 13
4 5
5 14
6 12
6 11
7
3 5
10 13
5 11
9 16
3 9
2 6
10 18
7
4 12
6 7
3 5
9 17
2 8
6 15
6 13
7
8 18
5 7
7 9
3 4
5 10
6 16
8 14
7
4 14
1 7
6 13
4 7
7 16
10 12
5 14
7
9 17
2 12
4 6
2 7
10 16
10 11
10 14
7
5 6
8 14
8 14
1 8
5 13
9 14
1 2
7
7 10
5 13
5 7
9 15
9 19
10 20
4 8
7
8 16
4 7
6 13
4 9
1 8
1 6
1 7
7
7 16
6 10
8 15
9 16
8 10
9 14
10 18
7
4 6
1 4
4 12
2 11
10 14
8 13
9 10
7
5 6
6 14
1 2
6 13
8 17
1 8
6 14
7
4 9
4 5
5 14
8 14
10 16
4 7
8 12
7
10 18
8 18
6 10
4 8
9 15
9 19
7 8
7
5 8
4 8
8 9
1 3
1 5
1 2
4 13
7
4 11
1 6
1 11
3 8
10 13
10 12
1 11
7
4 5
1 5
1 3
10 19
7 17
1 3
7 12
7
5 14
7 9
5 6
9 11
1 5
2 4
6 7
7
9 14
10 14
1 7
3 7
9 17
9 10
5 11
7
8 10
1 8
1 5
4 10
1 4
4 7
8 10
7
1 2
10 18
2 10
5 11
2 10
9 12
6 11
7
6 10
1 3
10 15
6 16
4 14
7 14
5 6
7
9 12
1 8
1 9
3 13
9 11
2 9
2 4
7
9 11
2 8
1 2
9 13
8 9
2 6
5 9
7
8 16
6 8
3 10
7 13
5 7
8 10
4 9
7
9 16
2 8
1 8
6 10
2 3
2 12
6 14
7
7 16
6 11
8 18
7 14
7 14
8 9
5 7
7
1 10
2 7
9 18
5 11
8 18
9 14
6 15
7
9 19
5 13
1 6
1 8
6 10
9 15
2 5
7
5 12
8 14
6 7
6 9
1 9
8 18
8 14
7
4 14
10 15
10 12
6 16
9 13
1 11
1 9
7
7 16
4 13
7 9
10 17
8 17
10 18
6 12
7
3 8
10 15
5 13
10 16
6 13
2 8
10 12
7
4 13
9 19
5 9
10 16
2 10
5 11
2 7
7
7 8
4 7
3 5
5 13
8 9
10 16
8 11
7
10 18
7 16
3 13
10 19
4 12
2 5
7 9
7
8 15
6 7
5 11
2 5
4 12
3 8
2 11
7
3 10
1 5
10 15
10 17
6 8
4 7
7 17
7
1 2
4 14
6 10
2 4
3 10
10 12
10 11
7
7 9
8 12
9 17
1 5
7 17
2 7
2 7
7
7 9
1 4
5 6
5 9
2 10
10 15
8 9
7
2 4
6 9
3 6
5 15
8 16
3 4
10 11
7
8 10
7 8
10 13
10 17
1 4
9 14
5 14
7
1 3
6 8
2 4
6 8
8 9
9 15
4 12
7
10 17
4 6
6 15
1 11
3 8
4 8
10 11
7
6 12
5 10
4 13
3 6
7 12
1 2
1 10
7
2 10
7 15
2 7
9 11
9 15
4 6
10 14
7
10 12
1 6
10 11
1 2
4 7
9 12
5 14
7
4 10
1 2
7 15
1 9
4 8
3 5
5 6
7
1 10
8 12
9 14
6 9
10 11
10 19
1 7
7
4 10
6 11
6 8
2 9
2 12
4 9
8 18
7
9 10
8 14
9 14
3 9
1 9
1 9
7 16
7
3 7
10 11
4 13
4 6
1 2
9 10
5 13
7
7 9
7 9
5 15
7 12
3 12
5 10
10 19
7
2 3
4 12
5 9
5 14
2 5
9 13
10 20
7
10 17
2 10
4 14
9 14
1 8
4 9
7 17
7
8 13
10 15
2 12
7 15
1 11
8 12
2 8
7
7 12
6 8
3 12
9 10
8 16
10 17
1 3
7
3 7
3 5
2 3
2 6
9 10
1 11
5 8
7
5 6
3 13
8 18
3 6
4 6
4 7
2 9
7
9 11
1 8
1 6
10 20
5 11
1 8
10 11
7
9 18
3 12
1 4
1 11
6 10
6 16
9 19
7
2 5
9 14
1 3
1 10
2 7
10 16
10 11
7
3 7
6 16
1 3
4 11
10 11
5 6
3 8
7
5 7
10 11
3 5
6 11
10 11
3 4
4 13
7
3 5
7 16
4 7
10 18
4 9
9 16
2 4
7
6 13
10 19
1 4
3 10
8 15
2 5
2 6
7
7 13
8 12
7 11
3 9
1 5
8 12
6 16
7
2 11
5 6
9 19
6 15
3 7
3 10
7 14
7
4 9
5 8
10 13
9 19
3 9
7 15
3 12
7
1 2
9 12
6 15
1 5
3 7
4 7
2 12
7
2 9
4 14
2 10
10 17
7 14
5 10
5 11
7
8 15
8 16
1 4
2 4
5 9
8 13
5 9
7
1 9
10 20
10 15
5 7
3 13
5 13
4 5
7
10 11
4 6
2 8
4 14
7 11
2 11
2 6
7
1 10
8 15
3 13
2 7
2 5
6 7
5 8
7
7 15
7 11
5 7
10 16
10 19
9 18
8 12
7
9 18
10 17
9 16
10 16
10 17
9 16
10 15
7
8 15
9 11
4 13
1 10
2 4
9 17
7 9
7
9 18
4 10
7 16
9 19
10 14
8 11
4 13
7
4 10
2 8
5 8
3 13
2 8
9 18
1 6
7
1 10
6 12
10 16
8 16
4 12
7 12
4 10
7
5 11
7 17
5 9
7 11
5 13
5 6
8 14
7
1 4
6 11
3 5
6 8
7 8
1 4
4 5
7
6 7
6 14
5 14
1 8
1 7
10 13
9 13
7
8 15
3 13
9 15
10 13
6 12
10 12
2 7
7
5 8
7 11
7 17
2 3
5 11
9 12
2 9
